id/I:name/C:xsec/F:kfac/F:eff/F:relunc/F
# signal grid samples
144871	modeA_simplified_144871	6.5225815773	1.0000	1.0000	1.0000
157954	modeA_simplified_157954	5.5419168472	1.0000	1.0000	1.0000
144873	modeA_simplified_144873	3.7856657505	1.0000	1.0000	1.0000
157955	modeA_simplified_157955	2.6638470292	1.0000	1.0000	1.0000
144876	modeA_simplified_144876	2.1906288266	1.0000	1.0000	1.0000
144874	modeA_simplified_144874	1.9283733964	1.0000	1.0000	1.0000
144877	modeA_simplified_144877	1.2050648928	1.0000	1.0000	1.0000
144879	modeA_simplified_144879	1.2050648928	1.0000	1.0000	1.0000
157956	modeA_simplified_157956	0.8313543797	1.0000	1.0000	1.0000
144880	modeA_simplified_144880	0.7144479305	1.0000	1.0000	1.0000
144883	modeA_simplified_144883	0.4464730769	1.0000	1.0000	1.0000
144881	modeA_simplified_144881	0.2878956944	1.0000	1.0000	1.0000
144884	modeA_simplified_144884	0.2878956944	1.0000	1.0000	1.0000
157957	modeA_simplified_157957	0.2183825076	1.0000	1.0000	1.0000
144885	modeA_simplified_144885	0.1317261495	1.0000	1.0000	1.0000
144888	modeA_simplified_144888	0.1317261495	1.0000	1.0000	1.0000
144889	modeA_simplified_144889	0.0923074279	1.0000	1.0000	1.0000
144886	modeA_simplified_144886	0.0662338175	1.0000	1.0000	1.0000
144890	modeA_simplified_144890	0.0487108873	1.0000	1.0000	1.0000
157958	modeA_simplified_157958	0.0387432519	1.0000	1.0000	1.0000
144891	modeA_simplified_144891	0.0264804950	1.0000	1.0000	1.0000
144894	modeA_simplified_144894	0.0264804950	1.0000	1.0000	1.0000
144895	modeA_simplified_144895	0.0195214469	1.0000	1.0000	1.0000
144892	modeA_simplified_144892	0.0111498220	1.0000	1.0000	1.0000
144896	modeA_simplified_144896	0.0111498220	1.0000	1.0000	1.0000
157959	modeA_simplified_157959	0.0094607254	1.0000	1.0000	1.0000
157461	modeA_simplified_157461	0.0067326872	1.0000	1.0000	1.0000
157960	modeA_simplified_157960	0.0067326872	1.0000	1.0000	1.0000
157961	modeA_simplified_157961	0.0052224287	1.0000	1.0000	1.0000
157464	modeA_simplified_157464	0.0031206668	1.0000	1.0000	1.0000
157962	modeA_simplified_157962	0.0031206668	1.0000	1.0000	1.0000
157965	modeA_simplified_157965	0.0026441493	1.0000	1.0000	1.0000
157963	modeA_simplified_157963	0.0019713413	1.0000	1.0000	1.0000
157966	modeA_simplified_157966	0.0019713413	1.0000	1.0000	1.0000
157967	modeA_simplified_157967	0.0015923555	1.0000	1.0000	1.0000
157467	modeA_simplified_157467	0.0009658919	1.0000	1.0000	1.0000
157964	modeA_simplified_157964	0.0009658919	1.0000	1.0000	1.0000
157968	modeA_simplified_157968	0.0009658919	1.0000	1.0000	1.0000
144902	modeC_simplified_144902	3.2718927860	1.0000	1.0000	1.0000
157969	modeC_simplified_157969	2.7781445980	1.0000	1.0000	1.0000
144904	modeC_simplified_144904	1.8920923471	1.0000	1.0000	1.0000
157970	modeC_simplified_157970	1.3258839846	1.0000	1.0000	1.0000
144907	modeC_simplified_144907	1.0841178894	1.0000	1.0000	1.0000
144905	modeC_simplified_144905	0.9562610984	1.0000	1.0000	1.0000
144908	modeC_simplified_144908	0.5955330133	1.0000	1.0000	1.0000
144910	modeC_simplified_144910	0.5955330133	1.0000	1.0000	1.0000
157971	modeC_simplified_157971	0.4098809958	1.0000	1.0000	1.0000
144911	modeC_simplified_144911	0.3514513671	1.0000	1.0000	1.0000
144914	modeC_simplified_144914	0.2188667208	1.0000	1.0000	1.0000
144912	modeC_simplified_144912	0.1402591020	1.0000	1.0000	1.0000
144915	modeC_simplified_144915	0.1402591020	1.0000	1.0000	1.0000
157972	modeC_simplified_157972	0.1058609635	1.0000	1.0000	1.0000
144916	modeC_simplified_144916	0.0632844642	1.0000	1.0000	1.0000
144919	modeC_simplified_144919	0.0632844642	1.0000	1.0000	1.0000
144920	modeC_simplified_144920	0.0441656411	1.0000	1.0000	1.0000
144917	modeC_simplified_144917	0.0315974541	1.0000	1.0000	1.0000
144921	modeC_simplified_144921	0.0230061989	1.0000	1.0000	1.0000
157973	modeC_simplified_157973	0.0183213651	1.0000	1.0000	1.0000
144922	modeC_simplified_144922	0.0124846781	1.0000	1.0000	1.0000
144925	modeC_simplified_144925	0.0124846781	1.0000	1.0000	1.0000
144926	modeC_simplified_144926	0.0091380989	1.0000	1.0000	1.0000
144923	modeC_simplified_144923	0.0051936498	1.0000	1.0000	1.0000
144927	modeC_simplified_144927	0.0051936498	1.0000	1.0000	1.0000
157977	modeC_simplified_157977	0.0044040722	1.0000	1.0000	1.0000
157974	modeC_simplified_157974	0.0031285346	1.0000	1.0000	1.0000
157978	modeC_simplified_157978	0.0031285346	1.0000	1.0000	1.0000
157979	modeC_simplified_157979	0.0024304809	1.0000	1.0000	1.0000
157975	modeC_simplified_157975	0.0014487567	1.0000	1.0000	1.0000
157980	modeC_simplified_157980	0.0014487567	1.0000	1.0000	1.0000
157983	modeC_simplified_157983	0.0012277695	1.0000	1.0000	1.0000
157981	modeC_simplified_157981	0.0009216880	1.0000	1.0000	1.0000
157984	modeC_simplified_157984	0.0009216880	1.0000	1.0000	1.0000
157985	modeC_simplified_157985	0.0007465705	1.0000	1.0000	1.0000
157976	modeC_simplified_157976	0.0004565463	1.0000	1.0000	1.0000
157982	modeC_simplified_157982	0.0004565463	1.0000	1.0000	1.0000
157986	modeC_simplified_157986	0.0004565463	1.0000	1.0000	1.0000

#
# ttbar
# 
# ttbar cross-section and branching ratios are taken from  
# https://twiki.cern.ch/twiki/bin/viewauth/AtlasProtected/TopCommonParametersMC12
105200	McAtNloJimmy_CT10_ttbar_LeptonFilter	238.06	1.000000	0.543	1.000000
105204	McAtNloJimmy_AUET2CT10_ttbar_allhad	238.06	1.000000	0.457	1.000000
# ttbar FL branching ratio is taken as (3*0.108)*(3*0.108)
110001	McAtNloJimmy_CT10_ttbar_dilepton	238.06	1.000000	0.104976	1.000000
105860	PowhegJimmy_AUET2CT10_ttbar_LeptonFilter	238.06	1.000000	0.543	1.000000
105861	PowhegPythia_AUET2BCT10_ttbar_LeptonFilter	238.06	1.000000	0.543	1.000000
174763	PowhegPythia_AUET2BCT10_ttbar_LeptonFilter_rensc2	238.06	1.000000	0.543	1.000000
174764	PowhegPythia_AUET2BCT10_ttbar_LeptonFilter_rensc05	238.06	1.000000	0.543	1.000000
174765	PowhegPythia_AUET2BCT10_ttbar_LeptonFilter_facsc2	238.06	1.000000	0.543	1.000000
174766	PowhegPythia_AUET2BCT10_ttbar_LeptonFilter_facsc05	238.06	1.000000	0.543	1.000000
# ttbar Systematic uncertainty due to ISR/FSR 
117209  AcerMCPythia_morePS_ttbar_noallhad	59.62000	2.168000	1.000000  1.000000
117210  AcerMCPythia_lessPS_ttbar_noallhad	59.62000	2.168000	1.000000  1.000000
117211  AcerMCPythia_morePS_ttbar_allhad	50.07000	2.173000	1.000000  1.000000
117212  AcerMCPythia_lessPS_ttbar_allhad	50.07000	2.173000	1.000000  1.000000
# Alpgen ttbar samples
# K-factors from top group
https://twiki.cern.ch/twiki/bin/viewauth/AtlasProtected/TopMC12DiTopSamples
164440 AlpgenJimmy_AUET2CTEQ6L1_ttbarlnlnNp0_baseline 4.793000	1.634000	1.000000	1.000000
164441 AlpgenJimmy_AUET2CTEQ6L1_ttbarlnlnNp1_baseline 5.068000  1.634000	1.000000	1.000000
164442 AlpgenJimmy_AUET2CTEQ6L1_ttbarlnlnNp2_baseline 3.257000	1.634000	1.000000	1.000000
164443 AlpgenJimmy_AUET2CTEQ6L1_ttbarlnlnNp3p_baseline 2.176000	1.634000	1.000000	1.000000
164444 AlpgenJimmy_AUET2CTEQ6L1_ttbarlnlnNp3_baseline 1.521100	1.634000	1.000000	1.000000
164445 AlpgenJimmy_AUET2CTEQ6L1_ttbarlnlnNp4p_baseline 0.771000	1.634000	1.000000	1.000000
164450 AlpgenJimmy_AUET2CTEQ6L1_ttbarlnqqNp0_baseline 19.19000	1.702000	1.000000	1.000000
164451 AlpgenJimmy_AUET2CTEQ6L1_ttbarlnqqNp1_baseline 20.29000  1.702000	1.000000	1.000000
164452 AlpgenJimmy_AUET2CTEQ6L1_ttbarlnqqNp2_baseline 13.09000	1.702000	1.000000	1.000000
164453 AlpgenJimmy_AUET2CTEQ6L1_ttbarlnqqNp3p_baseline 8.692000	1.702000	1.000000	1.000000
164454 AlpgenJimmy_AUET2CTEQ6L1_ttbarlnqqNp3_baseline 6.081500	1.702000	1.000000	1.000000
164455 AlpgenJimmy_AUET2CTEQ6L1_ttbarlnqqNp4p_baseline 3.084400	1.702000	1.000000	1.000000
# Alpgen ttbar +bb/cc
116108 AlpgenJimmy_AUET2CTEQ6L1_ttbbincl	1.434500	1.689000  1.000000  1.000000
116109 AlpgenJimmy_AUET2CTEQ6L1_ttccincl	2.715000	1.689000  1.000000  1.000000
# For Sherpa ttbar, summing up all samples below to match 238.06*0.543
117800	Sherpa_CT10_TtbarLeptLept	9.161600	1.212000	1.000000	1.000000
117801	Sherpa_CT10_TtbarLeptTaulept	9.172400	1.211000	0.352		1.000000
117802	Sherpa_CT10_TtbarTauleptTaulept	2.259500	1.229000	0.123904	1.000000
117803	Sherpa_CT10_TtbarLeptHad	55.53000	1.246000	1.000000	1.000000
117804	Sherpa_CT10_TtbarLeptTauhad	9.258200	1.199000	0.648		1.000000
117805	Sherpa_CT10_TtbarTauleptHad	27.766000	1.252000	0.352		1.000000
117806	Sherpa_CT10_TtbarTauleptTauhad	2.310700	1.201000	0.456192	1.000000
117807	Sherpa_CT10_TtbarHadHad	83.578	1.302000	1.000000	1.000000
117808	Sherpa_CT10_TtbarHadTauhad	27.788000	1.251000	0.648		1.000000
117809	Sherpa_CT10_TtbarTauhadTauhad	2.303100	1.205000	0.419904	1.000000
#Sherpa ttbar with up to 3 jets
157841	Sherpa_CT10_TtbarLeptLeptUpTo3Jets	9.204300	1.206000	1.000000	1.000000
157842	Sherpa_CT10_TtbarLeptTaulepUpTo3Jetst	9.272300	1.198000	0.352		1.000000
157843	Sherpa_CT10_TtbarTauleptTauleptUpTo3Jets	2.312700	1.201000	0.123904	1.000000
157844	Sherpa_CT10_TtbarLeptHadUpTo3Jets	56.13300	1.233000	1.000000	1.000000
157845	Sherpa_CT10_TtbarLeptTauhadUpTo3Jets	9.297700	1.194000	0.648		1.000000
157846	Sherpa_CT10_TtbarTauleptHadUpTo3Jets	27.73600	1.253000	0.352		1.000000
157847	Sherpa_CT10_TtbarTauleptTauhadUpTo3Jets	2.286500	1.214000	0.456192	1.000000
157848	Sherpa_CT10_TtbarHadHadUpTo3Jets 	83.35500 	1.305000	1.000000	1.000000
157849	Sherpa_CT10_TtbarHadTauhadUpTo3Jets	27.863000	1.248000	0.648		1.000000
157850	Sherpa_CT10_TtbarTauhadTauhadUpTo3Jets 	2.331100	1.190000	0.419904	1.000000
# Sherpa ttbar with scale variations
157911	Sherpa_CT10_TtbarLeptLept_ckkw20	10.31300	1.027000	1.000000	1.000000
157912	Sherpa_CT10_TtbarLeptTaulept_ckkw20	10.56900	1.051000	0.352		1.000000
157913	Sherpa_CT10_TtbarTauleptTaulept_ckkw20	2.610400	1.064000	0.123904	1.000000
157914	Sherpa_CT10_TtbarLeptHad_ckkw20	65.05800	1.064000	1.000000	1.000000
157915	Sherpa_CT10_TtbarLeptTauhad_ckkw20	10.64600	1.043000	0.648		1.000000
157916	Sherpa_CT10_TtbarTauleptHad_ckkw20	32.90300	1.057000	0.352		1.000000
157917	Sherpa_CT10_TtbarTauleptTauhad_ckkw20	2.620700	1.059000	0.456192	1.000000
157918	Sherpa_CT10_TtbarHadHad_ckkw20 	94.82300 	1.148000	1.000000	1.000000
157919	Sherpa_CT10_TtbarHadTauhad_ckkw20	32.32700	1.075000	0.648		1.000000
157920	Sherpa_CT10_TtbarTauhadTauhad_ckkw20	2.887900	0.961000	0.419904	1.000000
157921	Sherpa_CT10_TtbarLeptLept_ckkw40	8.669000	1.281000	1.000000	1.000000
157922	Sherpa_CT10_TtbarLeptTaulept_ckkw40	8.649200	1.284000	0.352		1.000000
157923	Sherpa_CT10_TtbarTauleptTaulept_ckkw40	2.166700	1.282000	0.123904	1.000000
157924	Sherpa_CT10_TtbarLeptHad_ckkw40	52.16600	1.326000	1.000000	1.000000
157925	Sherpa_CT10_TtbarLeptTauhad_ckkw40	8.682700	1.279000	0.648		1.000000
157926	Sherpa_CT10_TtbarTauleptHad_ckkw40	26.02900	1.336000	0.352		1.000000
157927	Sherpa_CT10_TtbarTauleptTauhad_ckkw40	2.164500	1.282000	0.456192	1.000000
157928	Sherpa_CT10_TtbarHadHad_ckkw40 	77.58800 	1.403000	1.000000	1.000000
157929	Sherpa_CT10_TtbarHadTauhad_ckkw40	26.00900	1.337000	0.648		1.000000
157930	Sherpa_CT10_TtbarTauhadTauhad_ckkw40	2.166000	1.281000	0.419904	1.000000
157931	Sherpa_CT10_TtbarLeptLept_fac025	10.15800	1.093000	1.000000	1.000000
157932	Sherpa_CT10_TtbarLeptTaulept_fac025	10.03500	1.107000	0.352		1.000000
157933	Sherpa_CT10_TtbarTauleptTaulept_fac025	2.522900	1.101000	0.123904	1.000000
157934	Sherpa_CT10_TtbarLeptHad_fac025	61.34300	1.128000	1.000000	1.000000
157935	Sherpa_CT10_TtbarLeptTauhad_fac025	10.11000	1.098000	0.648		1.000000
157936	Sherpa_CT10_TtbarTauleptHad_fac025	30.08600	1.155000	0.352		1.000000
157937	Sherpa_CT10_TtbarTauleptTauhad_fac025	2.478200	1.120000	0.456192	1.000000
157938	Sherpa_CT10_TtbarHadHad_fac025 	88.81500 	1.225000	1.000000	1.000000
157939	Sherpa_CT10_TtbarHadTauhad_fac025	30.15600	1.153000	0.648		1.000000
157940	Sherpa_CT10_TtbarTauhadTauhad_fac025	2.607900	1.064000	0.419904	1.000000
157941	Sherpa_CT10_TtbarLeptLept_fac4 	8.500900	1.306000	1.000000	1.000000
157942	Sherpa_CT10_TtbarLeptTaulept_fac4 	8.445000	1.315000	0.352		1.000000
157943	Sherpa_CT10_TtbarTauleptTaulept_fac4 	2.116700	1.312000	0.123904	1.000000
157944	Sherpa_CT10_TtbarLeptHad_fac4 		51.80700	1.336000	1.000000	1.000000
157945	Sherpa_CT10_TtbarLeptTauhad_fac4 	8.469800	1.311000	0.648		1.000000
157946	Sherpa_CT10_TtbarTauleptHad_fac4 	25.59800	1.358000	0.352		1.000000
157947	Sherpa_CT10_TtbarTauleptTauhad_fac4 	2.110800	1.315000	0.456192	1.000000
157948	Sherpa_CT10_TtbarHadHad_fac4  		76.45600 	1.423000	1.000000	1.000000
157949	Sherpa_CT10_TtbarHadTauhad_fac4 	26.65300	1.304000	0.648		1.000000
157950	Sherpa_CT10_TtbarTauhadTauhad_fac4 	2.126800	1.305000	0.419904	1.000000
#
# single top 
#
# single top cross-section are taken from (Wt-chan = 22.37 pb, s-chan = 5.61) 
# https://twiki.cern.ch/twiki/bin/viewauth/AtlasProtected/TopCommonParametersMC12
108343	McAtNloJimmy_CT10NLOME_AUET2CTEQ6L1MPI_SingleTopSChanWenu	0.564440	1.074	1.000000	1.000000
108344	McAtNloJimmy_CT10NLOME_AUET2CTEQ6L1MPI_SingleTopSChanWmunu	0.564260	1.074	1.000000	1.000000
108345	McAtNloJimmy_CT10NLOME_AUET2CTEQ6L1MPI_SingleTopSChanWtaunu	0.564040	1.074	1.000000	1.000000
108346	McAtNloJimmy_CT10NLOME_AUET2CTEQ6L1MPI_SingleTopWtChanIncl	20.658000	1.083	1.000000	1.000000
# ACER cross-sections reported by AMI are wrong, values set here are courtesy
# of Liza Mijovic. NLO cross-section is 87.76 pb from top wg wiki
117360	AcerMCPythia_AUET2BCTEQ6L1_singletop_tchan_e	8.604	1.10	1.000000	1.000000
117361	AcerMCPythia_AUET2BCTEQ6L1_singletop_tchan_mu	8.604	1.10	1.000000	1.000000
117362	AcerMCPythia_AUET2BCTEQ6L1_singletop_tchan_tau	8.604	1.10	1.000000	1.000000
#
# ttbar+EW
#
# ttbarV cross-sections taken from Ellis et al. paper
# ttbarW = 232 fb @ NLO (8 TeV), ttbarZ = 208 fb @ NLO (8 TeV)
119353	MadGraphPythia_AUET2BCTEQ6L1_ttbarW	0.104100	1.175000	1.000000	1.000000
119354	MadGraphPythia_AUET2BCTEQ6L1_ttbarWj	0.093317	1.175000	1.000000	1.000000
119355	MadGraphPythia_AUET2BCTEQ6L1_ttbarZ	0.067690	1.340000	1.000000	1.000000
119356	MadGraphPythia_AUET2BCTEQ6L1_ttbarZj	0.087339	1.340000	1.000000	1.000000
174830	MadGraphPythia_AUET2BCTEQ6L1_ttbarWjExcl	0.053372	1.175000	1.000000	1.000000
174831	MadGraphPythia_AUET2BCTEQ6L1_ttbarWjjIncl	0.041482	1.175000	1.000000	1.000000
174832	MadGraphPythia_AUET2BCTEQ6L1_ttbarZjExcl	0.045357	1.340000	1.000000	1.000000
174833	MadGraphPythia_AUET2BCTEQ6L1_ttbarZjjIncl	0.039772	1.340000	1.000000	1.000000
119583  MadgraphPythia_AUET2B_CTEQ6L1_ttbarWW   0.000920        1.000000	1.000000	1.000000
126371	Sherpa_CT10_SinglePhotonPt500	0.276450	1.000000	1.000000	1.000000
126372	Sherpa_CT10_SinglePhotonPt15	389630.000000	1.000000	1.000000	1.000000
126022	Sherpa_CT10_nunugammaPt70	0.762490	1.000000	1.000000	1.000000
126739	Sherpa_CT10_enugammaPt10	163.110000	1.000000	1.000000	1.000000
126742	Sherpa_CT10_munugammaPt10	162.740000	1.000000	1.000000	1.000000
126854	Sherpa_CT10_tautaugammaPt10	32.332000	1.000000	1.000000	1.000000
126856	Sherpa_CT10_taunugammaPt10	162.000000	1.000000	1.000000	1.000000
# ttbar+W/Z with Alpgen
174233	AlpgenJimmy_Auto_AUET2CTEQ6L1_ttbarIncl_Wlnu_Np0Excl	0.026953	1.255000	1.000000	1.000000
174234	AlpgenJimmy_Auto_AUET2CTEQ6L1_ttbarIncl_Wlnu_Np1Excl	0.018401	1.255000	1.000000	1.000000
174235	AlpgenJimmy_Auto_AUET2CTEQ6L1_ttbarIncl_Wlnu_Np2Excl	0.009463	1.255000	1.000000	1.000000
174236	AlpgenJimmy_Auto_AUET2CTEQ6L1_ttbarIncl_Wlnu_Np3Incl	0.006530	1.255000	1.000000	1.000000
174237	AlpgenJimmy_Auto_AUET2CTEQ6L1_ttbarIncl_Wlnu_Np2Incl	0.014992	1.255000	1.000000	1.000000
174238	AlpgenJimmy_Auto_AUET2CTEQ6L1_ttbarIncl_Wqq_Np0Excl	0.054130	1.255000	1.000000	1.000000
174239	AlpgenJimmy_Auto_AUET2CTEQ6L1_ttbarIncl_Wqq_Np1Excl	0.036809	1.255000	1.000000	1.000000
174240	AlpgenJimmy_Auto_AUET2CTEQ6L1_ttbarIncl_Wqq_Np2Excl	0.019177	1.255000	1.000000	1.000000
174241	AlpgenJimmy_Auto_AUET2CTEQ6L1_ttbarIncl_Wqq_Np3Incl	0.013265	1.255000	1.000000	1.000000
174242	AlpgenJimmy_Auto_AUET2CTEQ6L1_ttbarIncl_Wqq_Np2Incl	0.030402	1.255000	1.000000	1.000000
174243	AlpgenJimmy_Auto_AUET2CTEQ6L1_ttbarIncl_Znunu_Np0Excl	0.010582	1.090000	1.000000	1.000000
174244	AlpgenJimmy_Auto_AUET2CTEQ6L1_ttbarIncl_Znunu_Np1Excl	0.010039	1.090000	1.000000	1.000000
174245	AlpgenJimmy_Auto_AUET2CTEQ6L1_ttbarIncl_Znunu_Np2Excl	0.006930	1.090000	1.000000	1.000000
174246	AlpgenJimmy_Auto_AUET2CTEQ6L1_ttbarIncl_Znunu_Np3Incl	0.004971	1.090000	1.000000	1.000000
174247	AlpgenJimmy_Auto_AUET2CTEQ6L1_ttbarIncl_Znunu_Np2Incl	0.010936	1.090000	1.000000	1.000000
174248	AlpgenJimmy_Auto_AUET2CTEQ6L1_ttbarIncl_Zll_Np0Excl	0.007883	1.090000	1.000000	1.000000
174249	AlpgenJimmy_Auto_AUET2CTEQ6L1_ttbarIncl_Zll_Np1Excl	0.007652	1.090000	1.000000	1.000000
174250	AlpgenJimmy_Auto_AUET2CTEQ6L1_ttbarIncl_Zll_Np2Excl	0.005294	1.090000	1.000000	1.000000
174251	AlpgenJimmy_Auto_AUET2CTEQ6L1_ttbarIncl_Zll_Np3Incl	0.003978	1.090000	1.000000	1.000000
174252	AlpgenJimmy_Auto_AUET2CTEQ6L1_ttbarIncl_Zll_Np2Incl	0.008305	1.090000	1.000000	1.000000
#
# Z+jets
#
# AlpgenJimmy Z-> ll k-factor based on DYNNLO with MSTW2008, M > 60 GeV
107650	AlpgenJimmy_AUET2CTEQ6L1_ZeeNp0	711.7700	1.230000	1.000000	1.000000
107651	AlpgenJimmy_AUET2CTEQ6L1_ZeeNp1	155.1700	1.230000	1.000000	1.000000
107652	AlpgenJimmy_AUET2CTEQ6L1_ZeeNp2	48.74500	1.230000	1.000000	1.000000
107653	AlpgenJimmy_AUET2CTEQ6L1_ZeeNp3	14.22500	1.230000	1.000000	1.000000
107654	AlpgenJimmy_AUET2CTEQ6L1_ZeeNp4	3.759500	1.230000	1.000000	1.000000
107655	AlpgenJimmy_AUET2CTEQ6L1_ZeeNp5	1.094500	1.230000	1.000000	1.000000
107660	AlpgenJimmy_AUET2CTEQ6L1_ZmumuNp0	712.1100	1.230000	1.000000	1.000000
107661	AlpgenJimmy_AUET2CTEQ6L1_ZmumuNp1	154.7700	1.230000	1.000000	1.000000
107662	AlpgenJimmy_AUET2CTEQ6L1_ZmumuNp2	48.91200	1.230000	1.000000	1.000000
107663	AlpgenJimmy_AUET2CTEQ6L1_ZmumuNp3	14.22600	1.230000	1.000000	1.000000
107664	AlpgenJimmy_AUET2CTEQ6L1_ZmumuNp4	3.783800	1.230000	1.000000	1.000000
107665	AlpgenJimmy_AUET2CTEQ6L1_ZmumuNp5	1.114800	1.230000	1.000000	1.000000
107670	AlpgenJimmy_AUET2CTEQ6L1_ZtautauNp0	711.8100	1.230000	1.000000	1.000000
107671	AlpgenJimmy_AUET2CTEQ6L1_ZtautauNp1	155.1300	1.230000	1.000000	1.000000
107672	AlpgenJimmy_AUET2CTEQ6L1_ZtautauNp2	48.80400	1.230000	1.000000	1.000000
107673	AlpgenJimmy_AUET2CTEQ6L1_ZtautauNp3	14.16000	1.230000	1.000000	1.000000
107674	AlpgenJimmy_AUET2CTEQ6L1_ZtautauNp4	3.774400	1.230000	1.000000	1.000000
107675	AlpgenJimmy_AUET2CTEQ6L1_ZtautauNp5	1.116300	1.230000	1.000000	1.000000
# Use same k -factor as inclusive Alpgen Z samples
126414	AlpgenJimmy_AUET2CTEQ6L1_ZeeccNp0	15.65400	1.230000	1.000000	1.000000
126415	AlpgenJimmy_AUET2CTEQ6L1_ZeeccNp1	6.894600	1.230000	1.000000	1.000000
126416	AlpgenJimmy_AUET2CTEQ6L1_ZeeccNp2	2.920400	1.230000	1.000000	1.000000
126417	AlpgenJimmy_AUET2CTEQ6L1_ZeeccNp3	1.141100	1.230000	1.000000	1.000000
126418	AlpgenJimmy_AUET2CTEQ6L1_ZmumuccNp0	15.64900	1.230000	1.000000	1.000000
126419	AlpgenJimmy_AUET2CTEQ6L1_ZmumuccNp1	6.893000	1.230000	1.000000	1.000000
126420	AlpgenJimmy_AUET2CTEQ6L1_ZmumuccNp2	2.917600	1.230000	1.000000	1.000000
126421	AlpgenJimmy_AUET2CTEQ6L1_ZmumuccNp3	1.137700	1.230000	1.000000	1.000000
117706	AlpgenJimmy_AUET2CTEQ6L1_ZtautauccNp0	15.652000	1.230000	1.000000	1.000000
117707	AlpgenJimmy_AUET2CTEQ6L1_ZtautauccNp1	6.897900	1.230000	1.000000	1.000000
117708	AlpgenJimmy_AUET2CTEQ6L1_ZtautauccNp2	2.910000	1.230000	1.000000	1.000000
117709	AlpgenJimmy_AUET2CTEQ6L1_ZtautauccNp3	1.134000	1.230000	1.000000	1.000000
109300	AlpgenJimmy_AUET2CTEQ6L1_ZeebbNp0	8.377700	1.230000	1.000000	1.000000
109301	AlpgenJimmy_AUET2CTEQ6L1_ZeebbNp1	3.252900	1.230000	1.000000	1.000000
109302	AlpgenJimmy_AUET2CTEQ6L1_ZeebbNp2	1.190200	1.230000	1.000000	1.000000
109303	AlpgenJimmy_AUET2CTEQ6L1_ZeebbNp3	0.502780	1.230000	1.000000	1.000000
109305	AlpgenJimmy_AUET2CTEQ6L1_ZmumubbNp0	8.374200	1.230000	1.000000	1.000000
109306	AlpgenJimmy_AUET2CTEQ6L1_ZmumubbNp1	3.254000	1.230000	1.000000	1.000000
109307	AlpgenJimmy_AUET2CTEQ6L1_ZmumubbNp2	1.181000	1.230000	1.000000	1.000000
109308	AlpgenJimmy_AUET2CTEQ6L1_ZmumubbNp3	0.506690	1.230000	1.000000	1.000000
109310	AlpgenJimmy_AUET2CTEQ6L1_ZtautaubbNp0	8.375700	1.230000	1.000000	1.000000
109311	AlpgenJimmy_AUET2CTEQ6L1_ZtautaubbNp1	3.242700	1.230000	1.000000	1.000000
109312	AlpgenJimmy_AUET2CTEQ6L1_ZtautaubbNp2	1.193800	1.230000	1.000000	1.000000
109313	AlpgenJimmy_AUET2CTEQ6L1_ZtautaubbNp3	0.497910	1.230000	1.000000	1.000000
#  AlpgenPythia Z-> ll k-factor based on DYNNLO with MSTW2008, M > 60 GeV
117650	AlpgenPythia_P2011C_ZeeNp0	718.8900	1.180000	1.000000	1.000000
117651	AlpgenPythia_P2011C_ZeeNp1	175.6000	1.180000	1.000000	1.000000
117652	AlpgenPythia_P2011C_ZeeNp2	58.84600	1.180000	1.000000	1.000000
117653	AlpgenPythia_P2011C_ZeeNp3	15.56000	1.180000	1.000000	1.000000
117654	AlpgenPythia_P2011C_ZeeNp4	3.932200	1.180000	1.000000	1.000000
117655	AlpgenPythia_P2011C_ZeeNp5	1.199400	1.180000	1.000000	1.000000
117660	AlpgenPythia_P2011C_ZmumuNp0	718.9100	1.180000	1.000000	1.000000
117661	AlpgenPythia_P2011C_ZmumuNp1	175.8100	1.180000	1.000000	1.000000
117662	AlpgenPythia_P2011C_ZmumuNp2	58.80500	1.180000	1.000000	1.000000
117663	AlpgenPythia_P2011C_ZmumuNp3	15.58900	1.180000	1.000000	1.000000
117664	AlpgenPythia_P2011C_ZmumuNp4	3.907200	1.180000	1.000000	1.000000
117665	AlpgenPythia_P2011C_ZmumuNp5	1.193300	1.180000	1.000000	1.000000
117670	AlpgenPythia_P2011C_ZtautauNp0	718.8500	1.180000	1.000000	1.000000
117671	AlpgenPythia_P2011C_ZtautauNp1	175.8300	1.180000	1.000000	1.000000
117672	AlpgenPythia_P2011C_ZtautauNp2	58.63000	1.180000	1.000000	1.000000
117673	AlpgenPythia_P2011C_ZtautauNp3	15.50800	1.180000	1.000000	1.000000
117674	AlpgenPythia_P2011C_ZtautauNp4	3.952600	1.180000	1.000000	1.000000
117675	AlpgenPythia_P2011C_ZtautauNp5	1.180500	1.180000	1.000000	1.000000
# Use same k -factor as inclusive Alpgen Z samples
110805	AlpgenPythia_P2011C_ZeeccNp0	15.10700	1.180000	1.000000	1.000000
110806	AlpgenPythia_P2011C_ZeeccNp1	7.213100	1.180000	1.000000	1.000000
110807	AlpgenPythia_P2011C_ZeeccNp2	3.032000	1.180000	1.000000	1.000000
110808	AlpgenPythia_P2011C_ZeeccNp3	1.176700	1.180000	1.000000	1.000000
110809	AlpgenPythia_P2011C_ZmumuccNp0	15.11500	1.180000	1.000000	1.000000
110810	AlpgenPythia_P2011C_ZmumuccNp1	7.198000	1.180000	1.000000	1.000000
110811	AlpgenPythia_P2011C_ZmumuccNp2	3.030300	1.180000	1.000000	1.000000
110812	AlpgenPythia_P2011C_ZmumuccNp3	1.173800	1.180000	1.000000	1.000000
110813	AlpgenPythia_P2011C_ZtautauccNp0	15.11900	1.180000	1.000000	1.000000
110814	AlpgenPythia_P2011C_ZtautauccNp1	7.201600	1.180000	1.000000	1.000000
110815	AlpgenPythia_P2011C_ZtautauccNp2	3.038500	1.180000	1.000000	1.000000
110816	AlpgenPythia_P2011C_ZtautauccNp3	1.167700	1.180000	1.000000	1.000000
110817	AlpgenPythia_P2011C_ZeebbNp0	8.039700	1.180000	1.000000	1.000000
110818	AlpgenPythia_P2011C_ZeebbNp1	3.235300	1.180000	1.000000	1.000000
110819	AlpgenPythia_P2011C_ZeebbNp2	1.138800	1.180000	1.000000	1.000000
110820	AlpgenPythia_P2011C_ZeebbNp3	0.490660	1.180000	1.000000	1.000000
110821	AlpgenPythia_P2011C_ZmumubbNp0	8.042200	1.180000	1.000000	1.000000
110822	AlpgenPythia_P2011C_ZmumubbNp1	3.215500	1.180000	1.000000	1.000000
110823	AlpgenPythia_P2011C_ZmumubbNp2	1.140000	1.180000	1.000000	1.000000
110824	AlpgenPythia_P2011C_ZmumubbNp3	0.509430	1.180000	1.000000	1.000000
110825	AlpgenPythia_P2011C_ZtautaubbNp0	8.035800	1.180000	1.000000	1.000000
110826	AlpgenPythia_P2011C_ZtautaubbNp1	3.229900	1.180000	1.000000	1.000000
110827	AlpgenPythia_P2011C_ZtautaubbNp2	1.144500	1.180000	1.000000	1.000000
110828	AlpgenPythia_P2011C_ZtautaubbNp3	0.492660	1.180000	1.000000	1.000000
# Z -> nunu k-factor based on Z-> ll k-factor based on DYNNLO with MSTW2008
156803	AlpgenJimmy_AUET2_CTEQ6L1_ZnunuNp0_filt1jet	4151.500000	1.232000	0.006456	1.000000
156804	AlpgenJimmy_AUET2_CTEQ6L1_ZnunuNp1_filt1jet	892.430000	1.232000	0.455520	1.000000
156805	AlpgenJimmy_AUET2_CTEQ6L1_ZnunuNp1_met140_filt1jet	6.032400	1.230000	1.000000	1.000000
156806	AlpgenJimmy_AUET2_CTEQ6L1_ZnunuNp1_met280_filt1jet	0.243240	1.230000	1.000000	1.000000
156807	AlpgenJimmy_AUET2_CTEQ6L1_ZnunuNp1_met500_filt1jet	0.008950	1.230000	1.000000	1.000000
156808	AlpgenJimmy_AUET2_CTEQ6L1_ZnunuNp1_met70_filt1jet	69.508000	1.230000	0.998500	1.000000
156809	AlpgenJimmy_AUET2_CTEQ6L1_ZnunuNp2_filt1jet	282.110000	1.232000	0.760560	1.000000
156810	AlpgenJimmy_AUET2_CTEQ6L1_ZnunuNp2_met140_filt1jet	7.998700	1.230000	0.999990	1.000000
156811	AlpgenJimmy_AUET2_CTEQ6L1_ZnunuNp2_met280_filt1jet	0.461950	1.230000	1.000000	1.000000
156812	AlpgenJimmy_AUET2_CTEQ6L1_ZnunuNp2_met500_filt1jet	0.022870	1.230000	1.000000	1.000000
156813	AlpgenJimmy_AUET2_CTEQ6L1_ZnunuNp2_met70_filt1jet	60.965000	1.230000	0.990950	1.000000
156814	AlpgenJimmy_AUET2_CTEQ6L1_ZnunuNp3_filt1jet	82.046000	1.232000	0.905910	1.000000
156815	AlpgenJimmy_AUET2_CTEQ6L1_ZnunuNp3_met140_filt1jet	5.244000	1.230000	1.000000	1.000000
156816	AlpgenJimmy_AUET2_CTEQ6L1_ZnunuNp3_met280_filt1jet	0.391690	1.230000	1.000000	1.000000
156817	AlpgenJimmy_AUET2_CTEQ6L1_ZnunuNp3_met500_filt1jet	0.022736	1.230000	1.000000	1.000000
156818	AlpgenJimmy_AUET2_CTEQ6L1_ZnunuNp3_met70_filt1jet	27.541000	1.230000	0.986400	1.000000
156819	AlpgenJimmy_AUET2_CTEQ6L1_ZnunuNp4_filt1jet	21.643000	1.232000	0.964720	1.000000
156820	AlpgenJimmy_AUET2_CTEQ6L1_ZnunuNp4_met140_filt1jet	2.346500	1.230000	0.999970	1.000000
156821	AlpgenJimmy_AUET2_CTEQ6L1_ZnunuNp4_met280_filt1jet	0.220320	1.230000	1.000000	1.000000
156822	AlpgenJimmy_AUET2_CTEQ6L1_ZnunuNp4_met500_filt1jet	0.014221	1.230000	1.000000	1.000000
156823	AlpgenJimmy_AUET2_CTEQ6L1_ZnunuNp4_met70_filt1jet	9.432100	1.230000	0.993290	1.000000
156824	AlpgenJimmy_AUET2_CTEQ6L1_ZnunuNp5_filt1jet	6.596300	1.232000	0.989490	1.000000
156825	AlpgenJimmy_AUET2_CTEQ6L1_ZnunuNp5_met140_filt1jet	1.042100	1.230000	1.000000	1.000000
156826	AlpgenJimmy_AUET2_CTEQ6L1_ZnunuNp5_met280_filt1jet	0.121720	1.230000	1.000000	1.000000
156827	AlpgenJimmy_AUET2_CTEQ6L1_ZnunuNp5_met500_filt1jet	0.008758	1.230000	1.000000	1.000000
156828	AlpgenJimmy_AUET2_CTEQ6L1_ZnunuNp5_met70_filt1jet	3.351700	1.230000	0.997790	1.000000
# Z -> nunu + HF : same based on Z-> ll k-factor based on DYNNLO with MSTW2008
166990	AlpgenJimmy_Auto_AUET2CTEQ6L1_ZnunuccNp0	70.77300	1.230000	1.000000	1.000000
166991	AlpgenJimmy_Auto_AUET2CTEQ6L1_ZnunuccNp1	33.82200	1.230000	1.000000	1.000000
166992	AlpgenJimmy_Auto_AUET2CTEQ6L1_ZnunuccNp2	15.04300	1.230000	1.000000	1.000000
166993	AlpgenJimmy_Auto_AUET2CTEQ6L1_ZnunuccNp3	7.170300	1.230000	1.000000	1.000000
167060	AlpgenJimmy_Auto_AUET2CTEQ6L1_ZnunubbNp0	44.06700	1.230000	1.000000	1.000000
167061	AlpgenJimmy_Auto_AUET2CTEQ6L1_ZnunubbNp1	17.40600	1.230000	1.000000	1.000000
167062	AlpgenJimmy_Auto_AUET2CTEQ6L1_ZnunubbNp2	6.395400	1.230000	1.000000	1.000000
167063	AlpgenJimmy_Auto_AUET2CTEQ6L1_ZnunubbNp3	2.274100	1.230000	1.000000	1.000000
# DY k-factor based on DYNNLO with MSTW2008
146830	AlpgenJimmy_Auto_AUET2CTEQ6L1_ZeeNp0Excl_Mll10to60		3477.200000	1.194800	1.000000	1.000000
146831	AlpgenJimmy_Auto_AUET2CTEQ6L1_ZeeNp1Excl_Mll10to60		108.8000000	1.194800	1.000000	1.000000
146832	AlpgenJimmy_Auto_AUET2CTEQ6L1_ZeeNp2Excl_Mll10to60		52.76700000	1.194800	1.000000	1.000000
146833	AlpgenJimmy_Auto_AUET2CTEQ6L1_ZeeNp3Excl_Mll10to60		11.29700000	1.194800	1.000000	1.000000
146834	AlpgenJimmy_Auto_AUET2CTEQ6L1_ZeeNp4Excl_Mll10to60		2.589800000	1.194800	1.000000	1.000000
146835	AlpgenJimmy_Auto_AUET2CTEQ6L1_ZeeNp5Incl_Mll10to60		0.692670000	1.194800	1.000000	1.000000
146840	AlpgenJimmy_Auto_AUET2CTEQ6L1_ZmumuNp0Excl_Mll10to60		3477.100000	1.194800	1.000000	1.000000
146841	AlpgenJimmy_Auto_AUET2CTEQ6L1_ZmumuNp1Excl_Mll10to60		108.7500000	1.194800	1.000000	1.000000
146842	AlpgenJimmy_Auto_AUET2CTEQ6L1_ZmumuNp2Excl_Mll10to60		52.74100000	1.194800	1.000000	1.000000
146843	AlpgenJimmy_Auto_AUET2CTEQ6L1_ZmumuNp3Excl_Mll10to60		11.24100000	1.194800	1.000000	1.000000
146844	AlpgenJimmy_Auto_AUET2CTEQ6L1_ZmumuNp4Excl_Mll10to60		2.600500000	1.194800	1.000000	1.000000
146845	AlpgenJimmy_Auto_AUET2CTEQ6L1_ZmumuNp5Incl_Mll10to60		0.693730000	1.194800	1.000000	1.000000
146850	AlpgenJimmy_Auto_AUET2CTEQ6L1_ZtautauNp0Excl_Mll10to60		3477.100000	1.194800	1.000000	1.000000
146851	AlpgenJimmy_Auto_AUET2CTEQ6L1_ZtautauNp1Excl_Mll10to60		108.7400000	1.194800	1.000000	1.000000
146852	AlpgenJimmy_Auto_AUET2CTEQ6L1_ZtautauNp2Excl_Mll10to60		52.73200000	1.194800	1.000000	1.000000
146853	AlpgenJimmy_Auto_AUET2CTEQ6L1_ZtautauNp3Excl_Mll10to60		11.32600000	1.194800	1.000000	1.000000
146854	AlpgenJimmy_Auto_AUET2CTEQ6L1_ZtautauNp4Excl_Mll10to60		2.592000000	1.194800	1.000000	1.000000
146855	AlpgenJimmy_Auto_AUET2CTEQ6L1_ZtautauNp5Incl_Mll10to60		0.692900000	1.194800	1.000000	1.000000
146864	AlpgenJimmy_Auto_AUET2CTEQ6L1_Filtered_ZeeNp4Excl_Mll10to60	2.585200	1.000000	0.252620	1.000000
146870	AlpgenJimmy_Auto_AUET2CTEQ6L1_Filtered_ZmumuNp0Excl_Mll10to60	3477.700000	1.000000	0.010861	1.000000
146871	AlpgenJimmy_Auto_AUET2CTEQ6L1_Filtered_ZmumuNp1Excl_Mll10to60	108.740000	1.000000	0.210960	1.000000
146872	AlpgenJimmy_Auto_AUET2CTEQ6L1_Filtered_ZmumuNp2Excl_Mll10to60	52.816000	1.000000	0.142610	1.000000
146873	AlpgenJimmy_Auto_AUET2CTEQ6L1_Filtered_ZmumuNp3Excl_Mll10to60	11.299000	1.000000	0.213850	1.000000
146874	AlpgenJimmy_Auto_AUET2CTEQ6L1_Filtered_ZmumuNp4Excl_Mll10to60	2.579300	1.000000	0.258690	1.000000
146880	AlpgenJimmy_Auto_AUET2CTEQ6L1_Filtered_ZtautauNp0Excl_Mll10to60	3477.900000	1.000000	0.000024	1.000000
146881	AlpgenJimmy_Auto_AUET2CTEQ6L1_Filtered_ZtautauNp1Excl_Mll10to60	108.710000	1.000000	0.001361	1.000000
146882	AlpgenJimmy_Auto_AUET2CTEQ6L1_Filtered_ZtautauNp2Excl_Mll10to60	52.827000	1.000000	0.001740	1.000000
146883	AlpgenJimmy_Auto_AUET2CTEQ6L1_Filtered_ZtautauNp3Excl_Mll10to60	11.311000	1.000000	0.003873	1.000000
# Z with lepton filters
146980	AlpgenJimmy_Auto_AUET2CTEQ6L1_4lFilter_ZeeNp0	8.374800	1.000000	0.003612	1.000000
146981	AlpgenJimmy_Auto_AUET2CTEQ6L1_4lFilter_ZeeNp1	3.256000	1.000000	0.007958	1.000000
146982	AlpgenJimmy_Auto_AUET2CTEQ6L1_4lFilter_ZbbeeNp2	1.202500	1.000000	0.012528	1.000000
146985	AlpgenJimmy_Auto_AUET2CTEQ6L1_4lFilter_ZmumuNp0	8.374600	1.000000	0.003638	1.000000
146986	AlpgenJimmy_Auto_AUET2CTEQ6L1_4lFilter_ZmumuNp1	3.256300	1.000000	0.007990	1.000000
146987	AlpgenJimmy_Auto_AUET2CTEQ6L1_4lFilter_ZbbmumuNp2	1.201700	1.000000	0.012424	1.000000
146990	AlpgenJimmy_Auto_AUET2CTEQ6L1_3lFilter_4lVeto_ZeeNp0	8.376400	1.000000	0.089526	1.000000
146991	AlpgenJimmy_Auto_AUET2CTEQ6L1_3lFilter_4lVeto_ZeeNp1	3.256500	1.000000	0.138050	1.000000
146992	AlpgenJimmy_Auto_AUET2CTEQ6L1_3lFilter_4lVeto_ZbbeeNp2	1.201700	1.000000	0.160390	1.000000
146995	AlpgenJimmy_Auto_AUET2CTEQ6L1_3lFilter_4lVeto_ZmumuNp0	8.375300	1.000000	0.089900	1.000000
146996	AlpgenJimmy_Auto_AUET2CTEQ6L1_3lFilter_4lVeto_ZmumuNp1	3.254500	1.000000	0.138200	1.000000
146997	AlpgenJimmy_Auto_AUET2CTEQ6L1_3lFilter_4lVeto_ZbbmumuNp2	1.200200	1.000000	0.160570	1.000000
# Powheg+Pythia
147806	PowhegPythia8_AU2CT10_Zee	1109.900000	1.000000	1.000000	1.000000
147807	PowhegPythia8_AU2CT10_Zmumu	1109.900000	1.000000	1.000000	1.000000
147808	PowhegPythia8_AU2CT10_Ztautau	1109.900000	1.000000	1.000000	1.000000
# Sherpa
#  Z-> ll k-factor based on DYNNLO with MSTW2008, M > 40 GeV
147770	Sherpa_CT10_Zee	 	1207.900	1.027600	1.000000	1.000000
147771	Sherpa_CT10_Zmumu	1207.800	1.027600	1.000000	1.000000
147772	Sherpa_CT10_Ztautau	1207.100	1.028200	1.000000	1.000000
147773	Sherpa_CT10_Znunu	6521.400	1.028000	1.000000	1.000000
# Z +  at least 4 jets (up to 5) using Sherpa's built-in MENLOPS prescription. No k-facor estimated yet
173469	Sherpa_CT10_Zee_4jets	15.35700	1.000000	1.000000	1.000000
173470	Sherpa_CT10_Zmumu_4jets	15.37800	1.000000	1.000000	1.000000
173471	Sherpa_CT10_Ztautaut_4jets	15.30000	1.000000	1.000000	1.000000
173472	Sherpa_CT10_Znunu_4jets	85.172	1.000000	1.000000	1.000000
# Z samples with massive B and C
146820	Sherpa_CT10_ZeeLightJets	1051.400	1.118000	1.000000	1.000000
146821	Sherpa_CT10_ZmumuLightJets	1052.700	1.118000	1.000000	1.000000
146822	Sherpa_CT10_ZtautauLightJets	1050.900	1.118000	1.000000	1.000000
146823	Sherpa_CT10_ZnunuLightJets	5679.400	1.118000	1.000000	1.000000
128975	Sherpa_CT10_ZeeHeavyJets	58.88400	1.118000	1.000000	1.000000
128976	Sherpa_CT10_ZmumuHeavyJets	58.81800	1.118000	1.000000	1.000000
128977	Sherpa_CT10_ZtautauHeavyJets	58.82500	1.118000	1.000000	1.000000
128979	Sherpa_CT10_ZnunuHeavyJets	315.6000	1.118000	1.000000	1.000000
# Znunu with pt filter
157537	Sherpa_CT10_ZnunuPt70	184.6300	1.000000	1.000000	1.000000
157538	Sherpa_CT10_ZnunuPt140	23.40900	1.000000	1.000000	1.000000
157539	Sherpa_CT10_ZnunuPt280	1.377700	1.000000	1.000000	1.000000
157540	Sherpa_CT10_ZnunuPt500	0.068989	1.000000	1.000000	1.000000
# Sherpa Z samples with B/C veto/filter and pT(Z) filter
167749	Sherpa_CT10_ZeeMassiveCBPt0_BFilter	1110.700	1.120000	0.028034	1.000000
167750	Sherpa_CT10_ZeeMassiveCBPt0_CFilterBVeto	1109.600	1.120000	0.283410	1.000000
167751	Sherpa_CT10_ZeeMassiveCBPt0_CVetoBVeto	1107.100	1.120000	0.686210	1.000000
167752	Sherpa_CT10_ZmumuMassiveCBPt0_BFilter	1109.800	1.120000	0.027996	1.000000
167753	Sherpa_CT10_ZmumuMassiveCBPt0_CFilterBVeto	1112.000	1.120000	0.283070	1.000000
167754	Sherpa_CT10_ZmumuMassiveCBPt0_CVetoBVeto	1108.700	1.120000	0.689700	1.000000
167755	Sherpa_CT10_ZtautauMassiveCBPt0_BFilter	1109.100	1.120000	0.027820	1.000000
167756	Sherpa_CT10_ZtautauMassiveCBPt0_CFilterBVeto	1110.200	1.120000	0.283730	1.000000
167757	Sherpa_CT10_ZtautauMassiveCBPt0_CVetoBVeto	1112.100	1.120000	0.688840	1.000000
167758	Sherpa_CT10_ZnunuMassiveCBPt0_BFilter	5990.800	1.120000	0.029387	1.000000
167759	Sherpa_CT10_ZnunuMassiveCBPt0_CFilterBVeto	5988.300	1.120000	0.280170	1.000000
167760	Sherpa_CT10_ZnunuMassiveCBPt0_CVetoBVeto	5987.500	1.120000	0.690450	1.000000
167797	Sherpa_CT10_ZeeMassiveCBPt70_140_BFilter	29.49400	1.120000	0.082517	1.000000
167798	Sherpa_CT10_ZeeMassiveCBPt70_140_CFilterBVeto	29.48700	1.120000	0.354970	1.000000
167799	Sherpa_CT10_ZeeMassiveCBPt70_140_CVetoBVeto	29.49100	1.120000	0.562620	1.000000
167800	Sherpa_CT10_ZmumuMassiveCBPt70_140_BFilter	29.49100	1.120000	0.082585	1.000000
167801	Sherpa_CT10_ZmumuMassiveCBPt70_140_CFilterBVeto	29.44700	1.120000	0.354880	1.000000
167802	Sherpa_CT10_ZmumuMassiveCBPt70_140_CVetoBVeto	29.52100	1.120000	0.561960	1.000000
167803	Sherpa_CT10_ZtautauMassiveCBPt70_140_BFilter	29.48900	1.120000	0.082563	1.000000
167804	Sherpa_CT10_ZtautauMassiveCBPt70_140_CFilterBVeto	29.49900	1.120000	0.355090	1.000000
167805	Sherpa_CT10_ZtautauMassiveCBPt70_140_CVetoBVeto	29.49400	1.120000	0.562470	1.000000
167806	Sherpa_CT10_ZnunuMassiveCBPt70_140_BFilter	166.6300	1.120000	0.084058	1.000000
167807	Sherpa_CT10_ZnunuMassiveCBPt70_140_CFilterBVeto	166.6400	1.120000	0.352110	1.000000
167808	Sherpa_CT10_ZnunuMassiveCBPt70_140_CVetoBVeto	166.6200	1.120000	0.563600	1.000000
167809	Sherpa_CT10_ZeeMassiveCBPt140_280_BFilter	3.990100	1.120000	0.095235	1.000000
167810	Sherpa_CT10_ZeeMassiveCBPt140_280_CFilterBVeto	3.981100	1.120000	0.369190	1.000000
167811	Sherpa_CT10_ZeeMassiveCBPt140_280_CVetoBVeto	3.989000	1.120000	0.534310	1.000000
167812	Sherpa_CT10_ZmumuMassiveCBPt140_280_BFilter	3.984200	1.120000	0.095389	1.000000
167813	Sherpa_CT10_ZmumuMassiveCBPt140_280_CFilterBVeto	3.991100	1.120000	0.369990	1.000000
167814	Sherpa_CT10_ZmumuMassiveCBPt140_280_CVetoBVeto	3.984100	1.120000	0.534410	1.000000
167815	Sherpa_CT10_ZtautauMassiveCBPt140_280_BFilter	3.987800	1.120000	0.095807	1.000000
167816	Sherpa_CT10_ZtautauMassiveCBPt140_280_CFilterBVeto	3.988000	1.120000	0.369530	1.000000
167817	Sherpa_CT10_ZtautauMassiveCBPt140_280_CVetoBVeto	3.987100	1.120000	0.533280	1.000000
167818	Sherpa_CT10_ZnunuMassiveCBPt140_280_BFilter	22.51200	1.120000	0.096855	1.000000
167819	Sherpa_CT10_ZnunuMassiveCBPt140_280_CFilterBVeto	22.52000	1.120000	0.367860	1.000000
167820	Sherpa_CT10_ZnunuMassiveCBPt140_280_CVetoBVeto	22.51400	1.120000	0.534620	1.000000
167821	Sherpa_CT10_ZeeMassiveCBPt280_500_BFilter	0.241820	1.120000	0.108510	1.000000
167822	Sherpa_CT10_ZeeMassiveCBPt280_500_CFilterBVeto	0.241280	1.120000	0.387440	1.000000
167823	Sherpa_CT10_ZeeMassiveCBPt280_500_CVetoBVeto	0.241580	1.120000	0.506170	1.000000
167824	Sherpa_CT10_ZmumuMassiveCBPt280_500_BFilter	0.242190	1.120000	0.108020	1.000000
167825	Sherpa_CT10_ZmumuMassiveCBPt280_500_CFilterBVeto	0.241690	1.120000	0.386430	1.000000
167826	Sherpa_CT10_ZmumuMassiveCBPt280_500_CVetoBVeto	0.242720	1.120000	0.505490	1.000000
167827	Sherpa_CT10_ZtautauMassiveCBPt280_500_BFilter	0.241200	1.120000	0.106530	1.000000
167828	Sherpa_CT10_ZtautauMassiveCBPt280_500_CFilterBVeto	0.241020	1.120000	0.384810	1.000000
167829	Sherpa_CT10_ZtautauMassiveCBPt280_500_CVetoBVeto	0.241470	1.120000	0.507200	1.000000
167830	Sherpa_CT10_ZnunuMassiveCBPt280_500_BFilter	1.353300	1.120000	0.108930	1.000000
167831	Sherpa_CT10_ZnunuMassiveCBPt280_500_CFilterBVeto	1.355500	1.120000	0.384020	1.000000
167832	Sherpa_CT10_ZnunuMassiveCBPt280_500_CVetoBVeto	1.352700	1.120000	0.506670	1.000000
167833	Sherpa_CT10_ZeeMassiveCBPt500_BFilter	0.013235	1.120000	0.115730	1.000000
167834	Sherpa_CT10_ZeeMassiveCBPt500_CFilterBVeto	0.013454	1.120000	0.398460	1.000000
167835	Sherpa_CT10_ZeeMassiveCBPt500_CVetoBVeto	0.013307	1.120000	0.484800	1.000000
167836	Sherpa_CT10_ZmumuMassiveCBPt500_BFilter	0.013161	1.120000	0.114080	1.000000
167837	Sherpa_CT10_ZmumuMassiveCBPt500_CFilterBVeto	0.013480	1.120000	0.398570	1.000000
167838	Sherpa_CT10_ZmumuMassiveCBPt500_CVetoBVeto	0.013264	1.120000	0.486890	1.000000
167839	Sherpa_CT10_ZtautauMassiveCBPt500_BFilter	0.013231	1.120000	0.115240	1.000000
167840	Sherpa_CT10_ZtautauMassiveCBPt500_CFilterBVeto	0.013308	1.120000	0.393160	1.000000
167841	Sherpa_CT10_ZtautauMassiveCBPt500_CVetoBVeto	0.013284	1.120000	0.485620	1.000000
167842	Sherpa_CT10_ZnunuMassiveCBPt500_BFilter	0.073103	1.120000	0.117760	1.000000
167843	Sherpa_CT10_ZnunuMassiveCBPt500_CFilterBVeto	0.073347	1.120000	0.396310	1.000000
167844	Sherpa_CT10_ZnunuMassiveCBPt500_CVetoBVeto	0.073278	1.120000	0.484360	1.000000
# Sherpa Drell-Yan samples 
173041	Sherpa_CT10_DYeeM08to15		92.146000	1.000000	1.000000	1.000000
173042	Sherpa_CT10_DYeeM15to40		279.1900	1.000000	1.000000	1.000000
173043	Sherpa_CT10_DYmumuM08to15		92.081000	1.000000	1.000000	1.000000
173044	Sherpa_CT10_DYmumuM15to40		279.2000	1.000000	1.000000	1.000000
173045	Sherpa_CT10_DYtautauM08to15		92.116000	1.000000	1.000000	1.000000
173046	Sherpa_CT10_DYtautauM15to40		279.1100	1.000000	1.000000	1.000000
#
# W+jets
#
# AlpgenJimmy W-> lnu k-factor based on DYNNLO with MSTW2008
107680	AlpgenJimmy_AUET2CTEQ6L1_WenuNp0	8037.100	1.186000	1.000000	1.000000
107681	AlpgenJimmy_AUET2CTEQ6L1_WenuNp1	1579.200	1.186000	1.000000	1.000000
107682	AlpgenJimmy_AUET2CTEQ6L1_WenuNp2	477.2000	1.186000	1.000000	1.000000
107683	AlpgenJimmy_AUET2CTEQ6L1_WenuNp3	133.9300	1.186000	1.000000	1.000000
107684	AlpgenJimmy_AUET2CTEQ6L1_WenuNp4	35.62200	1.186000	1.000000	1.000000
107685	AlpgenJimmy_AUET2CTEQ6L1_WenuNp5	10.55300	1.186000	1.000000	1.000000
107690	AlpgenJimmy_AUET2CTEQ6L1_WmunuNp0	8040.000	1.186000	1.000000	1.000000
107691	AlpgenJimmy_AUET2CTEQ6L1_WmunuNp1	1580.300	1.186000	1.000000	1.000000
107692	AlpgenJimmy_AUET2CTEQ6L1_WmunuNp2	477.5000	1.186000	1.000000	1.000000
107693	AlpgenJimmy_AUET2CTEQ6L1_WmunuNp3	133.9400	1.186000	1.000000	1.000000
107694	AlpgenJimmy_AUET2CTEQ6L1_WmunuNp4	35.63600	1.186000	1.000000	1.000000
107695	AlpgenJimmy_AUET2CTEQ6L1_WmunuNp5	10.57100	1.186000	1.000000	1.000000
107700	AlpgenJimmy_AUET2CTEQ6L1_WtaunuNp0	8035.800	1.186000	1.000000	1.000000
107701	AlpgenJimmy_AUET2CTEQ6L1_WtaunuNp1	1579.800	1.186000	1.000000	1.000000
107702	AlpgenJimmy_AUET2CTEQ6L1_WtaunuNp2	477.5500	1.186000	1.000000	1.000000
107703	AlpgenJimmy_AUET2CTEQ6L1_WtaunuNp3	133.7900	1.186000	1.000000	1.000000
107704	AlpgenJimmy_AUET2CTEQ6L1_WtaunuNp4	35.58300	1.186000	1.000000	1.000000
107705	AlpgenJimmy_AUET2CTEQ6L1_WtaunuNp5	10.54000	1.186000	1.000000	1.000000
# Use same k -factor as inclusive Alpgen W samples
117284	AlpgenJimmy_AUET2CTEQ6L1_WccNp0	150.190000	1.186000	1.000000	1.000000
117285	AlpgenJimmy_AUET2CTEQ6L1_WccNp1	132.680000	1.186000	1.000000	1.000000
117286	AlpgenJimmy_AUET2CTEQ6L1_WccNp2	71.807000	1.186000	1.000000	1.000000
117287	AlpgenJimmy_AUET2CTEQ6L1_WccNp3	30.264000	1.186000	1.000000	1.000000
117293	AlpgenJimmy_AUET2CTEQ6L1_WcNp0	807.8900	1.186000	1.000000	1.000000
117294	AlpgenJimmy_AUET2CTEQ6L1_WcNp1	267.6100	1.186000	1.000000	1.000000
117295	AlpgenJimmy_AUET2CTEQ6L1_WcNp2	69.82300	1.186000	1.000000	1.000000
117296	AlpgenJimmy_AUET2CTEQ6L1_WcNp3	20.54700	1.186000	1.000000	1.000000
117297	AlpgenJimmy_AUET2CTEQ6L1_WcNp4	4.306900	1.186000	1.000000	1.000000
107280	AlpgenJimmy_AUET2CTEQ6L1_WbbNp0	55.68200	1.186000	1.000000	1.000000
107281	AlpgenJimmy_AUET2CTEQ6L1_WbbNp1	45.24300	1.186000	1.000000	1.000000
107282	AlpgenJimmy_AUET2CTEQ6L1_WbbNp2	23.24600	1.186000	1.000000	1.000000
107283	AlpgenJimmy_AUET2CTEQ6L1_WbbNp3	11.14400	1.186000	1.000000	1.000000
# AlpgenPythia W-> lnu k-factor based on DYNNLO with MSTW2008
117680	AlpgenPythia_P2011C_WenuNp0	8136.800	1.143000	1.000000	1.000000
117681	AlpgenPythia_P2011C_WenuNp1	1791.500	1.143000	1.000000	1.000000
117682	AlpgenPythia_P2011C_WenuNp2	541.6000	1.143000	1.000000	1.000000
117683	AlpgenPythia_P2011C_WenuNp3	146.6500	1.143000	1.000000	1.000000
117684	AlpgenPythia_P2011C_WenuNp4	37.29500	1.143000	1.000000	1.000000
117685	AlpgenPythia_P2011C_WenuNp5	11.36900	1.143000	1.000000	1.000000
117690	AlpgenPythia_P2011C_WmunuNp0	8133.400	1.143000	1.000000	1.000000
117691	AlpgenPythia_P2011C_WmunuNp1	1792.700	1.143000	1.000000	1.000000
117692	AlpgenPythia_P2011C_WmunuNp2	541.2700	1.143000	1.000000	1.000000
117693	AlpgenPythia_P2011C_WmunuNp3	146.4900	1.143000	1.000000	1.000000
117694	AlpgenPythia_P2011C_WmunuNp4	37.33400	1.143000	1.000000	1.000000
117695	AlpgenPythia_P2011C_WmunuNp5	11.41400	1.143000	1.000000	1.000000
117700	AlpgenPythia_P2011C_WtaunuNp0	8135.700	1.143000	1.000000	1.000000
117701	AlpgenPythia_P2011C_WtaunuNp1	1793.700	1.143000	1.000000	1.000000
117702	AlpgenPythia_P2011C_WtaunuNp2	541.2400	1.143000	1.000000	1.000000
117703	AlpgenPythia_P2011C_WtaunuNp3	146.4800	1.143000	1.000000	1.000000
117704	AlpgenPythia_P2011C_WtaunuNp4	37.26400	1.143000	1.000000	1.000000
117705	AlpgenPythia_P2011C_WtaunuNp5	11.53700	1.143000	1.000000	1.000000
# Use same k -factor as inclusive Alpgen W samples
110801	AlpgenPythia_P2011C_WbbNp0	52.25500	1.143000	1.000000	1.000000
110802	AlpgenPythia_P2011C_WbbNp1	45.54000	1.143000	1.000000	1.000000
110803	AlpgenPythia_P2011C_WbbNp2	23.67100	1.143000	1.000000	1.000000
110804	AlpgenPythia_P2011C_WbbNp3	12.52500	1.143000	1.000000	1.000000
126601	AlpgenPythia_P2011C_WcNp0	758.9300	1.143000	1.000000	1.000000
126602	AlpgenPythia_P2011C_WcNp1	274.2400	1.143000	1.000000	1.000000
126603	AlpgenPythia_P2011C_WcNp2	71.63400	1.143000	1.000000	1.000000
126604	AlpgenPythia_P2011C_WcNp3	16.42500	1.143000	1.000000	1.000000
126605	AlpgenPythia_P2011C_WcNp4	4.746800	1.143000	1.000000	1.000000
126606	AlpgenPythia_P2011C_WccNp0	143.0700	1.143000	1.000000	1.000000
126607	AlpgenPythia_P2011C_WccNp1	143.6800	1.143000	1.000000	1.000000
126608	AlpgenPythia_P2011C_WccNp2	80.76200	1.143000	1.000000	1.000000
126609	AlpgenPythia_P2011C_WccNp3	35.93200	1.143000	1.000000	1.000000
# PowhegPyhtia W-> lnu + bb no k-factor
167000	PowhegPythia8_AU2CT10_Wpenubb	27.60000	1.000000	1.000000	1.000000
167001	PowhegPythia8_AU2CT10_Wpmunubb	27.80000	1.000000	1.000000	1.000000
167002	PowhegPythia8_AU2CT10_Wptaunubb	27.60000	1.000000	1.000000	1.000000
167003	PowhegPythia8_AU2CT10_Wmenubb	17.70000	1.000000	1.000000	1.000000
167004	PowhegPythia8_AU2CT10_Wmmunubb	17.70000	1.000000	1.000000	1.000000
167005	PowhegPythia8_AU2CT10_Wmtaunubb	17.60000	1.000000	1.000000	1.000000
# AlpgenJimmy W-> lnu samples wuth SUSY filters. Same k-factors as the inclusive AlpgenJimmy W samples
172001	AlpgenJimmy_AUET2CTEQ6L1_WenuNp1_susyfilt	12.70400	1.186000	1.000000	1.000000
172002	AlpgenJimmy_AUET2CTEQ6L1_WenuNp2_susyfilt	8.959600	1.186000	1.000000	1.000000
172003	AlpgenJimmy_AUET2CTEQ6L1_WenuNp3_susyfilt	4.336800	1.186000	1.000000	1.000000
172004	AlpgenJimmy_AUET2CTEQ6L1_WenuNp4_susyfilt	1.707300	1.186000	1.000000	1.000000
172005	AlpgenJimmy_AUET2CTEQ6L1_WenuNp5_susyfilt	0.557820	1.186000	1.000000	1.000000
172006	AlpgenJimmy_AUET2CTEQ6L1_WenuNp6_susyfilt	0.195950	1.186000	1.000000	1.000000
172011	AlpgenJimmy_AUET2CTEQ6L1_WmunuNp1_susyfilt	12.68400	1.186000	1.000000	1.000000
172012	AlpgenJimmy_AUET2CTEQ6L1_WmunuNp2_susyfilt	8.968500	1.186000	1.000000	1.000000
172013	AlpgenJimmy_AUET2CTEQ6L1_WmunuNp3_susyfilt	4.339500	1.186000	1.000000	1.000000
172014	AlpgenJimmy_AUET2CTEQ6L1_WmunuNp4_susyfilt	1.707500	1.186000	1.000000	1.000000
172015	AlpgenJimmy_AUET2CTEQ6L1_WmunuNp5_susyfilt	0.560370	1.186000	1.000000	1.000000
172016	AlpgenJimmy_AUET2CTEQ6L1_WmunuNp6_susyfilt	0.193590	1.186000	1.000000	1.000000
172021	AlpgenJimmy_AUET2CTEQ6L1_WtaunuNp1_susyfilt	46.38700	1.186000	0.347560	1.000000
172022	AlpgenJimmy_AUET2CTEQ6L1_WtaunuNp2_susyfilt	34.30800	1.186000	0.334940	1.000000
172023	AlpgenJimmy_AUET2CTEQ6L1_WtaunuNp3_susyfilt	17.05400	1.186000	0.326990	1.000000
172024	AlpgenJimmy_AUET2CTEQ6L1_WtaunuNp4_susyfilt	6.551800	1.186000	0.336020	1.000000
172025	AlpgenJimmy_AUET2CTEQ6L1_WtaunuNp5_susyfilt	2.047400	1.186000	0.354300	1.000000
172026	AlpgenJimmy_AUET2CTEQ6L1_WtaunuNp6_susyfilt	0.664010	1.186000	0.381280	1.000000
# Sherpa 
# W -> lnu k-factor based on DYNNLO with MSTW2008
147774	Sherpa_CT10_Wenu	11878.00	1.025900	1.000000	1.000000
147775	Sherpa_CT10_Wmunu	11879.00	1.025800	1.000000	1.000000
147776	Sherpa_CT10_Wtaunu	11872.00	1.026400	1.000000	1.000000
# k-factor for Sherpa W+>=3jets samples extracted via fitting NJ30 distribution wrt inclusive NLO sample
144992	Sherpa_CT10_Wenu_3jets	461.6900	1.137000	1.000000	1.000000
144993	Sherpa_CT10_Wmunu_3jets	461.9400	1.137000	1.000000	1.000000
144994	Sherpa_CT10_Wmunu_3jets	461.0900	1.137000	1.000000	1.000000
# No k-factor estimated yes for the Sherpa W+>=4jets samples
166994	Sherpa_CT10_Wenu_4jets	139.6900	1.000000	1.000000	1.000000
166995	Sherpa_CT10_Wmunu_4jets	139.5400	1.000000	1.000000	1.000000
166996	Sherpa_CT10_Wtaunu_4jets	139.4800	1.000000	1.000000	1.000000
# k-factor for Sherpa PtW>200 samples extracted via fitting PtW distribution wrt inclusive NLO sample
157534	Sherpa_CT10_WenuPt200	8.067200	1.200000	1.000000	1.000000
157535	Sherpa_CT10_WmunuPt200	8.068800	1.200000	1.000000	1.000000
157536	Sherpa_CT10_WtaunuPt200	8.060800	1.200000	1.000000	1.000000
# Sherpa W samples with BVeto and FilterB
# W -> lnu k-factor based on DYNNLO with MSTW2008
167150	Sherpa_CT10_WenuMassiveBPt0_BFilter	11030.00	1.104800	0.016646	1.000000
167151	Sherpa_CT10_WmunuMassiveBPt0_BFilter	11030.00	1.104800	0.016635	1.000000
167152	Sherpa_CT10_WtaunuMassiveBPt0_BFilter	11028.00	1.105000	0.016649	1.000000
167153	Sherpa_CT10_WenuMassiveBPt0_VetoB	11028.00	1.105000	0.983310	1.000000
167154	Sherpa_CT10_WmunuMassiveBPt0_VetoB	11030.00	1.104800	0.983280	1.000000
167155	Sherpa_CT10_WtaunuMassiveBPt0_VetoB	11033.00	1.104500	0.983250	1.000000
# Use same k-factor as for the Pt0 samples
167156	Sherpa_CT10_WenuMassiveBPt140_BFilter	33.19900	1.105000	0.065963	1.000000
167157	Sherpa_CT10_WmunuMassiveBPt140_BFilter	33.19400	1.105000	0.065895	1.000000
167158	Sherpa_CT10_WtaunuMassiveBPt140_BFilter	33.19400	1.105000	0.065901	1.000000
167159	Sherpa_CT10_WenuMassiveBPt140_VetoB	33.15000	1.105000	0.934290	1.000000
167160	Sherpa_CT10_WmunuMassiveBPt140_VetoB	33.16700	1.105000	0.934070	1.000000
167161	Sherpa_CT10_WtaunuMassiveBPt140_VetoB	33.15000	1.105000	0.934000	1.000000
# Sherpa W samples with B/C veto/filter and pT(W) filter 
167740	Sherpa_CT10_WenuMassiveCBPt0_BFilter	10973.00	1.110000	0.012778	1.000000
167741	Sherpa_CT10_WenuMassiveCBPt0_CJetFilterBVeto	10971.00	1.110000	0.049039	1.000000
167742	Sherpa_CT10_WenuMassiveCBPt0_CJetVetoBVeto	10987.00	1.110000	0.938040	1.000000
167743	Sherpa_CT10_WmunuMassiveCBPt0_BFilter	10973.00	1.110000	0.0128230	1.000000
167744	Sherpa_CT10_WmunuMassiveCBPt0_CJetFilterBVeto	10970.00	1.110000	0.042540	1.000000
167745	Sherpa_CT10_WmunuMassiveCBPt0_CJetVetoBVeto	10981.00	1.110000	0.944610	1.000000
167746	Sherpa_CT10_WtaunuMassiveCBPt0_BFilter	10974.00	1.110000	0.012791	1.000000
167747	Sherpa_CT10_WtaunuMassiveCBPt0_CJetFilterBVeto	10971.00	1.110000	0.046082	1.000000
167748	Sherpa_CT10_WtaunuMassiveCBPt0_CJetVetoBVeto	10969.00	1.110000	0.940650	1.000000
167761	Sherpa_CT10_WenuMassiveCBPt70_140_BFilter	250.5500	1.110000	0.045931	1.000000
167762	Sherpa_CT10_WenuMassiveCBPt70_140_CJetFilterBVeto	250.7100	1.110000	0.200990	1.000000
167763	Sherpa_CT10_WenuMassiveCBPt70_140_CJetVetoBVeto	250.4300	1.110000	0.752980	1.000000
167764	Sherpa_CT10_WmunuMassiveCBPt70_140_BFilter	250.5500	1.110000	0.045919	1.000000
167765	Sherpa_CT10_WmunuMassiveCBPt70_140_CJetFilterBVeto	250.5700	1.110000	0.198890	1.000000
167766	Sherpa_CT10_WmunuMassiveCBPt70_140_CJetVetoBVeto	250.7700	1.110000	0.758550	1.000000
167767	Sherpa_CT10_WtaunuMassiveCBPt70_140_BFilter	250.5700	1.110000	0.045942	1.000000
167768	Sherpa_CT10_WtaunuMassiveCBPt70_140_CJetFilterBVeto	250.6100	1.110000	0.198890	1.000000
167769	Sherpa_CT10_WtaunuMassiveCBPt70_140_CJetVetoBVeto	250.6000	1.110000	0.754850	1.000000
167770	Sherpa_CT10_WenuMassiveCBPt140_280_BFilter	31.15500	1.110000	0.063159	1.000000
167771	Sherpa_CT10_WenuMassiveCBPt140_280_CJetFilterBVeto	31.18900	1.110000	0.221960	1.000000
167772	Sherpa_CT10_WenuMassiveCBPt140_280_CJetVetoBVeto	31.11200	1.110000	0.714960	1.000000
167773	Sherpa_CT10_WmunuMassiveCBPt140_280_BFilter	31.16400	1.110000	0.063069	1.000000
167774	Sherpa_CT10_WmunuMassiveCBPt140_280_CJetFilterBVeto	31.16500	1.110000	0.216470	1.000000
167775	Sherpa_CT10_WmunuMassiveCBPt140_280_CJetVetoBVeto	31.17300	1.110000	0.720300	1.000000
167776	Sherpa_CT10_WtaunuMassiveCBPt140_280_BFilter	31.16200	1.110000	0.063078	1.000000
167777	Sherpa_CT10_WtaunuMassiveCBPt140_280_CJetFilterBVeto	31.15100	1.110000	0.220150	1.000000
167778	Sherpa_CT10_WtaunuMassiveCBPt140_280_CJetVetoBVeto	31.17600	1.110000	0.716090	1.000000
167779	Sherpa_CT10_WenuMassiveCBPt280_500_BFilter	1.841300	1.110000	0.082886	1.000000
167780	Sherpa_CT10_WenuMassiveCBPt280_500_CJetFilterBVeto	1.837000	1.110000	0.234540	1.000000
167781	Sherpa_CT10_WenuMassiveCBPt280_500_CJetVetoBVeto	1.842600	1.110000	0.682000	1.000000
167782	Sherpa_CT10_WmunuMassiveCBPt280_500_BFilter	1.838000	1.110000	0.082902	1.000000
167783	Sherpa_CT10_WmunuMassiveCBPt280_500_CJetFilterBVeto	1.839500	1.110000	0.228450	1.000000
167784	Sherpa_CT10_WmunuMassiveCBPt280_500_CJetVetoBVeto	1.843300	1.110000	0.687760	1.000000
167785	Sherpa_CT10_WtaunuMassiveCBPt280_500_BFilter	1.836200	1.110000	0.083026	1.000000
167786	Sherpa_CT10_WtaunuMassiveCBPt280_500_CJetFilterBVeto	1.839500	1.110000	0.232710	1.000000
167787	Sherpa_CT10_WtaunuMassiveCBPt280_500_CJetVetoBVeto	1.836800	1.110000	0.683970	1.000000
167788	Sherpa_CT10_WenuMassiveCBPt500_BFilter	0.101880	1.110000	0.099655	1.000000
167789	Sherpa_CT10_WenuMassiveCBPt500_CJetFilterBVeto	0.101010	1.110000	0.244400	1.000000
167790	Sherpa_CT10_WenuMassiveCBPt500_CJetVetoBVeto	0.100930	1.110000	0.657410	1.000000
167791	Sherpa_CT10_WmunuMassiveCBPt500_BFilter	0.101630	1.110000	0.100040	1.000000
167792	Sherpa_CT10_WmunuMassiveCBPt500_CJetFilterBVeto	0.102100	1.110000	0.238520	1.000000
167793	Sherpa_CT10_WmunuMassiveCBPt500_CJetVetoBVeto	0.101860	1.110000	0.658370	1.000000
167794	Sherpa_CT10_WtaunuMassiveCBPt500_BFilter	0.102080	1.110000	0.099663	1.000000
167795	Sherpa_CT10_WtaunuMassiveCBPt500_CJetFilterBVeto	0.101390	1.110000	0.242210	1.000000
167796	Sherpa_CT10_WtaunuMassiveCBPt500_CJetVetoBVeto	0.102010	1.110000	0.660040	1.000000
#
# diboson
#
116600	gg2ZZJimmy_AUET2CT10_ZZ4lep	0.002790	1.000000	0.568750	1.000000
116601	gg2ZZJimmy_AUET2CT10_ZZ4e	0.001535	1.000000	1.000000	1.000000
116602	gg2ZZJimmy_AUET2CT10_ZZ4mu	0.001535	1.000000	1.000000	1.000000
116603	gg2ZZJimmy_AUET2CT10_ZZ2e2mu	0.001535	1.000000	1.000000	1.000000
# k-factors obtained as MCFM NLO CT10/ Sherpa <=1 jet CT10, for opposite flavor lepton pairs and mSFOS>20GeV, assuming they are applicable to the produced Sherpa <=3 jet samples below, needs expert confirmation
126892	Sherpa_CT10_llnunu_WW	5.498200	1.070000	1.000000	1.000000
126893	Sherpa_CT10_lllnu_WZ	9.753400	1.060000	1.000000	1.000000
126894	Sherpa_CT10_llll_ZZ	8.735600	1.110000	1.000000	1.000000
126895	Sherpa_CT10_llnunu_ZZ	0.496200	1.140000	1.000000	1.000000
143065	Sherpa_CT10_nunuqq	5.548000	1.000000	1.000000	1.000000	
174834	Sherpa_CT10_llll_ZZ	0.134630	1.110000	1.000000	1.000000
161961	Sherpa_CT10_lllnu_WZ	2.512400	1.060000	1.000000	1.000000
161962	Sherpa_CT10_llll_ZZ	0.776760	1.110000	1.000000	1.000000
161963	Sherpa_CT10_llnunu_ZZ	0.383520	1.140000	1.000000	1.000000
161966	Sherpa_CT10_llnunu	5.902500	1.000000	1.000000	1.000000
129800	Sherpa_CT10_llnunujj_WW	1.583700	1.000000	1.000000	1.000000
129801	Sherpa_CT10_llnunujj_ZZ	0.045120	1.000000	1.000000	1.000000
157814	Sherpa_CT10_VVtoeeqq	1.702000	1.000000	1.000000	1.000000
157815	Sherpa_CT10_VVtomumuqq	1.687000	1.000000	1.000000	1.000000
157816	Sherpa_CT10_VVtotautauqq	1.702000	1.000000	1.000000	1.000000
157817	Sherpa_CT10_VVtoenuqq	9.557000	1.000000	1.000000	1.000000
157818	Sherpa_CT10_VVtomunuqq	9.554000	1.000000	1.000000	1.000000
157819	Sherpa_CT10_VVtotaunuqq	9.557000	1.000000	1.000000	1.000000
# end of k-factors obtained as MCFM NLO CT10/ Sherpa <=1 jet CT10
# NLO cross section from MCFM with MSTW2008NLO PDF (only qq->WW)
126928	PowhegPythia8_AU2CT10_WpWm_ee	0.597740	1.078400	1.000000	1.000000
126929	PowhegPythia8_AU2CT10_WpWm_me	0.597450	1.078900	1.000000	1.000000
126930	PowhegPythia8_AU2CT10_WpWm_te	0.597530	1.078800	1.000000	1.000000
126931	PowhegPythia8_AU2CT10_WpWm_em	0.597720	1.078400	1.000000	1.000000
126932	PowhegPythia8_AU2CT10_WpWm_mm	0.597240	1.079300	1.000000	1.000000
126933	PowhegPythia8_AU2CT10_WpWm_tm	0.597370	1.079100	1.000000	1.000000
126934	PowhegPythia8_AU2CT10_WpWm_et	0.596990	1.079800	1.000000	1.000000
126935	PowhegPythia8_AU2CT10_WpWm_mt	0.597700	1.078500	1.000000	1.000000
126936	PowhegPythia8_AU2CT10_WpWm_tt	0.597590	1.078700	1.000000	1.000000
126937	PowhegPythia8_AU2CT10_ZZ_4e_mll4_2pt5	0.076860	1.000000	0.907650	1.000000
126938	PowhegPythia8_AU2CT10_ZZ_2e2mu_mll4_2pt5	0.175500	1.000000	0.827240	1.000000
126939	PowhegPythia8_AU2CT10_ZZ_2e2tau_mll4_2pt5	0.175400	1.000000	0.582780	1.000000
126940	PowhegPythia8_AU2CT10_ZZ_4mu_mll4_2pt5	0.076870	1.000000	0.912410	1.000000
126941	PowhegPythia8_AU2CT10_ZZ_2mu2tau_mll4_2pt5	0.175400	1.000000	0.587250	1.000000
126942	PowhegPythia8_AU2CT10_ZZ_4tau_mll4_2pt5	0.076850	1.000000	0.106040	1.000000
126949	PowhegPythia8_AU2CT10_ZZllnunu_ee_mll4	0.054310	1.000000	1.000000	1.000000
126950	PowhegPythia8_AU2CT10_ZZllnunu_mm_mll4	0.054310	1.000000	1.000000	1.000000
126951	PowhegPythia8_AU2CT10_ZZllnunu_tt_mll4	0.054310	1.000000	1.000000	1.000000
129477	PowhegPythia8_AU2CT10_WZ_Wm11Z11_mll0p250d0_2LeptonFilter5	1.407000	1.000000	0.294560	1.000000
129478	PowhegPythia8_AU2CT10_WZ_Wm11Z13_mll0p4614d0_2LeptonFilter5	0.938200	1.000000	0.352110	1.000000
129479	PowhegPythia8_AU2CT10_WZ_Wm11Z15_mll3p804d0_2LeptonFilter5	0.174600	1.000000	0.166820	1.000000
129480	PowhegPythia8_AU2CT10_WZ_Wm13Z11_mll0p250d0_2LeptonFilter5	1.399000	1.000000	0.293510	1.000000
129481	PowhegPythia8_AU2CT10_WZ_Wm13Z13_mll0p4614d0_2LeptonFilter5	0.953700	1.000000	0.351320	1.000000
129482	PowhegPythia8_AU2CT10_WZ_Wm13Z15_mll3p804d0_2LeptonFilter5	0.174600	1.000000	0.168630	1.000000
129483	PowhegPythia8_AU2CT10_WZ_Wm15Z11_mll0p250d0_2LeptonFilter5	1.399000	1.000000	0.142890	1.000000
129484	PowhegPythia8_AU2CT10_WZ_Wm15Z13_mll0p4614d0_2LeptonFilter5	0.938200	1.000000	0.182560	1.000000
129485	PowhegPythia8_AU2CT10_WZ_Wm15Z15_mll3p804d0_2LeptonFilter5	0.171900	1.000000	0.058517	1.000000
129486	PowhegPythia8_AU2CT10_WZ_W11Z11_mll0p250d0_2LeptonFilter5	0.979500	1.000000	0.296940	1.000000
129487	PowhegPythia8_AU2CT10_WZ_W11Z13_mll0p4614d0_2LeptonFilter5	0.639000	1.000000	0.353020	1.000000
129488	PowhegPythia8_AU2CT10_WZ_W11Z15_mll3p804d0_2LeptonFilter5	0.112500	1.000000	0.159690	1.000000
129489	PowhegPythia8_AU2CT10_WZ_W13Z11_mll0p250d0_2LeptonFilter5	0.935900	1.000000	0.297660	1.000000
129490	PowhegPythia8_AU2CT10_WZ_W13Z13_mll0p4614d0_2LeptonFilter5	0.648800	1.000000	0.354140	1.000000
129491	PowhegPythia8_AU2CT10_WZ_W13Z15_mll3p804d0_2LeptonFilter5	0.112500	1.000000	0.160230	1.000000
129492	PowhegPythia8_AU2CT10_WZ_W15Z11_mll0p250d0_2LeptonFilter5	0.935900	1.000000	0.148030	1.000000
129493	PowhegPythia8_AU2CT10_WZ_W15Z13_mll0p4614d0_2LeptonFilter5	0.639000	1.000000	0.186570	1.000000
129494	PowhegPythia8_AU2CT10_WZ_W15Z15_mll3p804d0_2LeptonFilter5	0.110700	1.000000	0.056651	1.000000
146903	Pythia8_AU2CTEQ6L1_ZZ4l	0.113820	1.000000	1.000000	1.000000
#Based on the information of slide 3 of https://indico.cern.ch/getFile.py/access?contribId=2&resId=0&materialId=slides&confId=208830
126988 	Sherpa_CT10_llnunu_SS_EW6  0.018100	1.00000  	1.000000	1.000000
126989 	Sherpa_CT10_llnunujj_SS	   0.020800	1.00000 	1.000000	1.000000
# SM DiBoson samples: NLO cross-sections source ATL-COM-PHYS-2010-695
157951	Herwig_AUET2CTEQ6L1_WWtaunuqq	4.745100	1.680000	1.000000	1.000000
# Needs to be updated for correct mass cut, so far use MCFM (M > 60 GeV) / Herwig:
157952	Herwig_AUET2CTEQ6L1_WZtaunuqq	0.888950	1.900000	1.000000	1.000000
# SM DiBoson samples: NLO cross-sections source ATL-COM-PHYS-2010-695
161995	Herwig_AUET2CTEQ6L1_WW_NoLeptonFilter	32.486000	1.680000	1.000000	1.000000
# Needs to be updated for correct mass cut, so far use MCFM (M > 60 GeV) / Herwig:
161996	Herwig_AUET2CTEQ6L1_WZ_NoLeptonFilter	12.008000	1.900000	1.000000	1.000000
# Needs to be updated for correct mass cut, so far use MCFM (M > 60 GeV) / Herwig:
161997	Herwig_AUET2CTEQ6L1_ZZ_NoLeptonFilter	4.689400	1.550000	1.000000	1.000000
# SM DiBoson samples: NLO cross-sections source ATL-COM-PHYS-2010-695
105985	Herwig_AUET2CTEQ6L1_WW	32.50100	1.680000	0.382120	1.000000
# Needs to be updated for correct mass cut, so far use MCFM (M > 60 GeV) / Herwig:
105986	Herwig_AUET2CTEQ6L1_ZZ	4.691400	1.550000	0.211650	1.000000
# Needs to be updated for correct mass cut, so far use MCFM (M > 60 GeV) / Herwig:
105987	Herwig_AUET2CTEQ6L1_WZ	12.00900	1.900000        0.305460	1.000000
# NLO cross section from MCFM with MSTW2008NLO PDF (only qq->WW)
105921	McAtNloJimmy_AUET2CT10_WpWmenuenu	0.621550	1.037000	1.000000	1.000000
105922	McAtNloJimmy_AUET2CT10_WpWmenumunu	0.619510	1.041000	1.000000	1.000000
105923	McAtNloJimmy_AUET2CT10_WpWmenutaunu	0.621790	1.036700	1.000000	1.000000
105924	McAtNloJimmy_AUET2CT10_WpWmmunuenu	0.620800	1.038300	1.000000	1.000000
105925	McAtNloJimmy_AUET2CT10_WpWmmunumunu	0.620740	1.038400	1.000000	1.000000
105926	McAtNloJimmy_AUET2CT10_WpWmmunutaunu	0.620400	1.039000	1.000000	1.000000
105927	McAtNloJimmy_AUET2CT10_WpWmtaunuenu	0.620690	1.038500	1.000000	1.000000
105928	McAtNloJimmy_AUET2CT10_WpWmtaunumunu	0.620760	1.038400	1.000000	1.000000
105929	McAtNloJimmy_AUET2CT10_WpWmtaunutaunu	0.619370	1.040700	1.000000	1.000000
# NLO cross section from MCFM with MSTW2008NLO PDF
106011	gg2WW0240Jimmy_AUET2CT10_WpWmenuenu	0.017470	1.196000	1.000000	1.000000
106012	gg2WW0240Jimmy_AUET2CT10_WpWmenumunu	0.017470	1.196000	1.000000	1.000000
106013	gg2WW0240Jimmy_AUET2CT10_WpWmenutaunu	0.017470	1.196000	1.000000	1.000000
106014	gg2WW0240Jimmy_AUET2CT10_WpWmmunumunu	0.017470	1.196000	1.000000	1.000000
106015	gg2WW0240Jimmy_AUET2CT10_WpWmmunuenu	0.017470	1.196000	1.000000	1.000000
106016	gg2WW0240Jimmy_AUET2CT10_WpWmmunutaunu	0.017470	1.196000	1.000000	1.000000
106017	gg2WW0240Jimmy_AUET2CT10_WpWmtaunutaunu	0.017470	1.196000	1.000000	1.000000
106018	gg2WW0240Jimmy_AUET2CT10_WpWmtaunuenu	0.017470	1.196000	1.000000	1.000000
106019	gg2WW0240Jimmy_AUET2CT10_WpWmtaunumunu	0.017470	1.196000	1.000000	1.000000
# Alpgen diboson samples
# WW DiBoson samples: NLO cross-sections source ATL-COM-PHYS-2010-695
# See also https://twiki.cern.ch/twiki/bin/viewauth/AtlasProtected/TopMC12DiBosonSamples#Alpgen_Herwig
107100  AlpgenJimmy_AUET2CTEQ6L1_WWlnulnuNp0    2.497000        1.231000        1.000000        1.000000
107101  AlpgenJimmy_AUET2CTEQ6L1_WWlnulnuNp1    1.249900        1.231000        1.000000        1.000000
107102  AlpgenJimmy_AUET2CTEQ6L1_WWlnulnuNp2    0.592000        1.231000        1.000000        1.000000
107103  AlpgenJimmy_AUET2CTEQ6L1_WWlnulnuNp3    0.328470        1.231000        1.000000        1.000000
110829  AlpgenJimmy_AUET2CTEQ6L1_WWqqlnuNp0     9.981900        1.283000        1.000000        1.000000
110830  AlpgenJimmy_AUET2CTEQ6L1_WWqqlnuNp1     5.014400        1.283000        1.000000        1.000000
110831  AlpgenJimmy_AUET2CTEQ6L1_WWqqlnuNp2     2.365800        1.283000        1.000000        1.000000
110832  AlpgenJimmy_AUET2CTEQ6L1_WWqqlnuNp3     1.313900        1.283000        1.000000        1.000000
# Be careful, this is an approximation as Z are on-shell (no gamma*)
107104  AlpgenJimmy_AUET2CTEQ6L1_WZincllNp0     0.801620        1.279000        1.000000        1.000000
107105  AlpgenJimmy_AUET2CTEQ6L1_WZincllNp1     0.523950        1.279000        1.000000        1.000000
107106  AlpgenJimmy_AUET2CTEQ6L1_WZincllNp2     0.295720        1.279000        1.000000        1.000000
107107  AlpgenJimmy_AUET2CTEQ6L1_WZincllNp3     0.182580        1.279000        1.000000        1.000000
107108  AlpgenJimmy_AUET2CTEQ6L1_ZZincllNp0     0.606600        1.372000        1.000000        1.000000
107109  AlpgenJimmy_AUET2CTEQ6L1_ZZincllNp1     0.288930        1.372000        1.000000        1.000000
107110  AlpgenJimmy_AUET2CTEQ6L1_ZZincllNp2     0.117970        1.372000        1.000000        1.000000
107111  AlpgenJimmy_AUET2CTEQ6L1_ZZincllNp3     0.056223        1.372000        1.000000        1.000000
#
# triboson
#
# Triboson Sherpa samples
167006	MadGraphPythia_AUET2BCTEQ6L1_WWWStar_lnulnulnu 0.00510  1.000000  1.000000  1.000000
167007	MadGraphPythia_AUET2BCTEQ6L1_ZWWStar_lllnulnu 0.00155  1.000000  1.000000  1.000000
167008	MadGraphPythia_AUET2BCTEQ6L1_ZZZStar_nunullll 0.00033  1.000000  1.000000  1.000000
#
# Photon
#
113714	Sherpa_CT10_SinglePhotonPt35	24475.000000	1.000000	1.000000	1.000000
113715	Sherpa_CT10_SinglePhotonPt70	2153.000000	1.000000	1.000000	1.000000
113716	Sherpa_CT10_SinglePhotonPt140	137.850000	1.000000	1.000000	1.000000
113717	Sherpa_CT10_SinglePhotonPt280	5.962700	1.000000	1.000000	1.000000
126955	Sherpa_CT10_SinglePhotonPt800	0.013346	1.000000	1.000000	1.000000
126956	Sherpa_CT10_SinglePhotonPt1000	0.002382	1.000000	1.000000	1.000000
156839	AlpgenJimmy_AUET2_CTEQ6L1_GamNp1_ph140	26.198000	1.000000	1.000000	1.000000
156840	AlpgenJimmy_AUET2_CTEQ6L1_GamNp1_ph280	0.831190	1.000000	1.000000	1.000000
156841	AlpgenJimmy_AUET2_CTEQ6L1_GamNp1_ph35	9554.200000	1.000000	1.000000	1.000000
156842	AlpgenJimmy_AUET2_CTEQ6L1_GamNp1_ph500	0.029141	1.000000	1.000000	1.000000
156843	AlpgenJimmy_AUET2_CTEQ6L1_GamNp1_ph70	577.480000	1.000000	1.000000	1.000000
156844	AlpgenJimmy_AUET2_CTEQ6L1_GamNp2_ph140	38.671000	1.000000	1.000000	1.000000
156845	AlpgenJimmy_AUET2_CTEQ6L1_GamNp2_ph280	1.681100	1.000000	1.000000	1.000000
156846	AlpgenJimmy_AUET2_CTEQ6L1_GamNp2_ph35	4515.000000	1.000000	1.000000	1.000000
156847	AlpgenJimmy_AUET2_CTEQ6L1_GamNp2_ph500	0.075517	1.000000	1.000000	1.000000
156848	AlpgenJimmy_AUET2_CTEQ6L1_GamNp2_ph70	571.870000	1.000000	1.000000	1.000000
156849	AlpgenJimmy_AUET2_CTEQ6L1_GamNp3_ph140	28.570000	1.000000	1.000000	1.000000
156850	AlpgenJimmy_AUET2_CTEQ6L1_GamNp3_ph280	1.538300	1.000000	1.000000	1.000000
156851	AlpgenJimmy_AUET2_CTEQ6L1_GamNp3_ph35	1717.000000	1.000000	1.000000	1.000000
156852	AlpgenJimmy_AUET2_CTEQ6L1_GamNp3_ph500	0.077073	1.000000	1.000000	1.000000
156853	AlpgenJimmy_AUET2_CTEQ6L1_GamNp3_ph70	306.100000	1.000000	1.000000	1.000000
156854	AlpgenJimmy_AUET2_CTEQ6L1_GamNp4_ph140	14.216000	1.000000	1.000000	1.000000
156855	AlpgenJimmy_AUET2_CTEQ6L1_GamNp4_ph280	0.918520	1.000000	1.000000	1.000000
156856	AlpgenJimmy_AUET2_CTEQ6L1_GamNp4_ph35	513.940000	1.000000	1.000000	1.000000
156857	AlpgenJimmy_AUET2_CTEQ6L1_GamNp4_ph500	0.051166	1.000000	1.000000	1.000000
156858	AlpgenJimmy_AUET2_CTEQ6L1_GamNp4_ph70	115.850000	1.000000	1.000000	1.000000
156859	AlpgenJimmy_AUET2_CTEQ6L1_GamNp5_ph140	7.000900	1.000000	1.000000	1.000000
156860	AlpgenJimmy_AUET2_CTEQ6L1_GamNp5_ph280	0.541680	1.000000	1.000000	1.000000
156861	AlpgenJimmy_AUET2_CTEQ6L1_GamNp5_ph35	163.800000	1.000000	1.000000	1.000000
156862	AlpgenJimmy_AUET2_CTEQ6L1_GamNp5_ph500	0.033266	1.000000	1.000000	1.000000
156863	AlpgenJimmy_AUET2_CTEQ6L1_GamNp5_ph70	44.334000	1.000000	1.000000	1.000000
159101	Pythia8_AU2CTEQ6L1_gammajet_unbinned35	18652.000000	1.000000	0.573340	1.000000
159102	Pythia8_AU2CTEQ6L1_gammajet_unbinned70	1640.100000	1.000000	0.639800	1.000000
159103	Pythia8_AU2CTEQ6L1_gammajet_unbinned140	91.747000	1.000000	0.778790	1.000000
159104	Pythia8_AU2CTEQ6L1_gammajet_unbinned280	3.811900	1.000000	0.842440	1.000000
159120	Pythia8_AU2CTEQ6L1_gammajet_binned20	819820.0	1.000000	0.143770	1.000000
159121	Pythia8_AU2CTEQ6L1_gammajet_binned40	98558.00	1.000000	0.115440	1.000000
159122	Pythia8_AU2CTEQ6L1_gammajet_binned80	9559.400	1.000000	0.090189	1.000000
159123	Pythia8_AU2CTEQ6L1_gammajet_binned150	311.4000	1.000000	0.218350	1.000000
159124	Pythia8_AU2CTEQ6L1_gammajet_binned300	6.008000	1.000000	0.459780	1.000000
#
# Z/W + Photon
#
145161	Sherpa_CT10_eegammaPt10	32.260000	1.000000	1.000000	1.000000
145162	Sherpa_CT10_mumugammaPt10	32.317000	1.000000	1.000000	1.000000
146430	AlpgenJimmy_AUET2CTEQ6L1_WgammaNp0	230.090000	1.000000	1.000000	1.000000
146431	AlpgenJimmy_AUET2CTEQ6L1_WgammaNp1	59.343000	1.000000	1.000000	1.000000
146432	AlpgenJimmy_AUET2CTEQ6L1_WgammaNp2	21.469000	1.000000	1.000000	1.000000
146433	AlpgenJimmy_AUET2CTEQ6L1_WgammaNp3	7.103200	1.000000	1.000000	1.000000
146434	AlpgenJimmy_AUET2CTEQ6L1_WgammaNp4	2.122400	1.000000	1.000000	1.000000
146435	AlpgenJimmy_AUET2CTEQ6L1_WgammaNp5	0.466120	1.000000	1.000000	1.000000
146436	AlpgenJimmy_AUET2CTEQ6L1_WgammaNp0_LeptonPhotonFilter	229.880000	1.000000	0.313720	1.000000
146437	AlpgenJimmy_AUET2CTEQ6L1_WgammaNp1_LeptonPhotonFilter	59.518000	1.000000	0.448710	1.000000
146438	AlpgenJimmy_AUET2CTEQ6L1_WgammaNp2_LeptonPhotonFilter	21.390000	1.000000	0.544610	1.000000
146439	AlpgenJimmy_AUET2CTEQ6L1_WgammaNp3_LeptonPhotonFilter	7.120300	1.000000	0.629740	1.000000
146825	Sherpa_CT10_SinglePhotonPt15_2JetEt35Et20	-1.000000	1.000000	1.000000	1.000000
146828	Sherpa_CT10_nunugammaPt20	9.004900	1.000000	1.000000	1.000000
146890	MadGraphPythia_AUET2BCTEQ6L1_lnuee_lt7	681.510000	1.000000	1.000000	1.000000
146891	MadGraphPythia_AUET2BCTEQ6L1_lnuee_gt7	0.337050	1.000000	1.000000	1.000000
146893	MadGraphPythia_AUET2BCTEQ6L1_lnumumu_gt7	0.337770	1.000000	1.000000	1.000000
146895	MadGraphPythia_AUET2BCTEQ6L1_lnutautau_gt7	0.348010	1.000000	1.000000	1.000000
#
# multijet
#
147900	Pythia8_AU2CT10_jetjet_JZ0	72850000000.000000	1.000000	0.985450	1.000000
147901	Pythia8_AU2CT10_jetjet_JZ1	72850000000.000000	1.000000	0.014461	1.000000
147902	Pythia8_AU2CT10_jetjet_JZ2	26357000.000000	1.000000	0.107600	1.000000
147903	Pythia8_AU2CT10_jetjet_JZ3	544070.000000	1.000000	0.064129	1.000000
147904	Pythia8_AU2CT10_jetjet_JZ4	6445.400000	1.000000	0.030920	1.000000
147905	Pythia8_AU2CT10_jetjet_JZ5	39.742000	1.000000	0.034499	1.000000
147906	Pythia8_AU2CT10_jetjet_JZ6	0.416040	1.000000	0.062888	1.000000
147907	Pythia8_AU2CT10_jetjet_JZ7	0.040630	1.000000	0.014612	1.000000
147910	Pythia8_AU2CT10_jetjet_JZ0W	72850000000.000000	1.000000	0.985540	1.000000
147911	Pythia8_AU2CT10_jetjet_JZ1W	72850000000.000000	1.000000	0.000129	1.000000
147912	Pythia8_AU2CT10_jetjet_JZ2W	26359000.000000	1.000000	0.003994	1.000000
147913	Pythia8_AU2CT10_jetjet_JZ3W	544190.000000	1.000000	0.001219	1.000000
147914	Pythia8_AU2CT10_jetjet_JZ4W	6445.300000	1.000000	0.000708	1.000000
147915	Pythia8_AU2CT10_jetjet_JZ5W	39.739000	1.000000	0.002152	1.000000
147916	Pythia8_AU2CT10_jetjet_JZ6W	0.416090	1.000000	0.004684	1.000000
147917	Pythia8_AU2CT10_jetjet_JZ7W	0.040636	1.000000	0.014600	1.000000
# 
# Higgs background
#
# Higgs WW taken from https://svnweb.cern.ch/trac/atlasoff/browser/PhysicsAnalysis/HiggsPhys/HSG3/WWDileptonAnalysisCode/HWWAnalysisCode/trunk/XsectionInput/Xsection8TeV_signal_v6.txt
# Higgs ZZ cross-sections calculated by G. Conti from : 
# https://twiki.cern.ch/twiki/bin/view/LHCPhysics/CERNYellowReportPageAt8TeV
# https://twiki.cern.ch/twiki/bin/view/LHCPhysics/CERNYellowReportPageBR2
161005  PowhegPythia8_AU2CT10_ggH125_WW2lep_EF_15_5   0.440563  1.000000   0.49105   1.000000
161055  PowhegPythia8_AU2CT10_VBFH125_WW2lep_EF_15_5  0.0356152  1.000000   0.5071    1.000000
161105  Pythia8_AU2CTEQ6L1_WH125_WW2lep   0.0157222  1.000000  1.000000  1.000000
161155  Pythia8_AU2CTEQ6L1_ZH125_WW2lep   0.00889929  1.000000  1.000000  1.000000
160655  PowhegPythia8_AU2CT10_ggH125_ZZllnunu   0.456768  1.000000 0.44419  1.000000
160705  PowhegPythia8_AU2CT10_VBFH125_ZZllnunu  0.0369252  1.000000 0.4426  1.000000
160755  Pythia8_AU2CTEQ6L1_WH125_ZZllnunu  0.01630044  1.000000  1.000000  1.000000
160805  Pythia8_AU2CTEQ6L1_ZH125_ZZllnunu  0.0092262  1.000000  1.000000  1.000000
160155  PowhegPythia8_AU2CT10_ggH125_ZZ4lep  0.00538752  1.000000  1.000000  1.000000
160205  PowhegPythia8_AU2CT10_VBFH125_ZZ4lep  0.0043553  1.000000  1.000000  1.000000
160255  Pythia8_AU2CTEQ6L1_WH125_ZZ4lep  0.00019226  1.000000  1.000000  1.000000
160305  Pythia8_AU2CTEQ6L1_ZH125_ZZ4lep   0.00010883  1.000000  1.000000  1.000000
# Higgs HZ and WZ with Z->llqq cross-sections  (Steven Farell) :
160555	Pythia8_AU2CTEQ6L1_ZH125_ZZllqq	       0.0007349      1.000000	0.141200	1.000000
160505	Pythia8_AU2CTEQ6L1_WH125_ZZllqq	       0.0012980      1.000000	0.222130	1.000000
