id/I:name/C:xsec/F:kfac/F:eff/F:relunc/F
# signal grid samples
144871	modeA_simplified_144871	6.5225815773	1.0000	1.0000	1.0000
157954	modeA_simplified_157954	5.5419168472	1.0000	1.0000	1.0000
144873	modeA_simplified_144873	3.7856657505	1.0000	1.0000	1.0000
157955	modeA_simplified_157955	2.6638470292	1.0000	1.0000	1.0000
144876	modeA_simplified_144876	2.1906288266	1.0000	1.0000	1.0000
144874	modeA_simplified_144874	1.9283733964	1.0000	1.0000	1.0000
144877	modeA_simplified_144877	1.2050648928	1.0000	1.0000	1.0000
144879	modeA_simplified_144879	1.2050648928	1.0000	1.0000	1.0000
157956	modeA_simplified_157956	0.8313543797	1.0000	1.0000	1.0000
144880	modeA_simplified_144880	0.7144479305	1.0000	1.0000	1.0000
144883	modeA_simplified_144883	0.4464730769	1.0000	1.0000	1.0000
144881	modeA_simplified_144881	0.2878956944	1.0000	1.0000	1.0000
144884	modeA_simplified_144884	0.2878956944	1.0000	1.0000	1.0000
157957	modeA_simplified_157957	0.2183825076	1.0000	1.0000	1.0000
144885	modeA_simplified_144885	0.1317261495	1.0000	1.0000	1.0000
144888	modeA_simplified_144888	0.1317261495	1.0000	1.0000	1.0000
144889	modeA_simplified_144889	0.0923074279	1.0000	1.0000	1.0000
144886	modeA_simplified_144886	0.0662338175	1.0000	1.0000	1.0000
144890	modeA_simplified_144890	0.0487108873	1.0000	1.0000	1.0000
157958	modeA_simplified_157958	0.0387432519	1.0000	1.0000	1.0000
144891	modeA_simplified_144891	0.0264804950	1.0000	1.0000	1.0000
144894	modeA_simplified_144894	0.0264804950	1.0000	1.0000	1.0000
144895	modeA_simplified_144895	0.0195214469	1.0000	1.0000	1.0000
144892	modeA_simplified_144892	0.0111498220	1.0000	1.0000	1.0000
144896	modeA_simplified_144896	0.0111498220	1.0000	1.0000	1.0000
157959	modeA_simplified_157959	0.0094607254	1.0000	1.0000	1.0000
157461	modeA_simplified_157461	0.0067326872	1.0000	1.0000	1.0000
157960	modeA_simplified_157960	0.0067326872	1.0000	1.0000	1.0000
157961	modeA_simplified_157961	0.0052224287	1.0000	1.0000	1.0000
157464	modeA_simplified_157464	0.0031206668	1.0000	1.0000	1.0000
157962	modeA_simplified_157962	0.0031206668	1.0000	1.0000	1.0000
157965	modeA_simplified_157965	0.0026441493	1.0000	1.0000	1.0000
157963	modeA_simplified_157963	0.0019713413	1.0000	1.0000	1.0000
157966	modeA_simplified_157966	0.0019713413	1.0000	1.0000	1.0000
157967	modeA_simplified_157967	0.0015923555	1.0000	1.0000	1.0000
157467	modeA_simplified_157467	0.0009658919	1.0000	1.0000	1.0000
157964	modeA_simplified_157964	0.0009658919	1.0000	1.0000	1.0000
157968	modeA_simplified_157968	0.0009658919	1.0000	1.0000	1.0000
144902	modeC_simplified_144902	3.2718927860	1.0000	1.0000	1.0000
157969	modeC_simplified_157969	2.7781445980	1.0000	1.0000	1.0000
144904	modeC_simplified_144904	1.8920923471	1.0000	1.0000	1.0000
157970	modeC_simplified_157970	1.3258839846	1.0000	1.0000	1.0000
144907	modeC_simplified_144907	1.0841178894	1.0000	1.0000	1.0000
144905	modeC_simplified_144905	0.9562610984	1.0000	1.0000	1.0000
144908	modeC_simplified_144908	0.5955330133	1.0000	1.0000	1.0000
144910	modeC_simplified_144910	0.5955330133	1.0000	1.0000	1.0000
157971	modeC_simplified_157971	0.4098809958	1.0000	1.0000	1.0000
144911	modeC_simplified_144911	0.3514513671	1.0000	1.0000	1.0000
144914	modeC_simplified_144914	0.2188667208	1.0000	1.0000	1.0000
144912	modeC_simplified_144912	0.1402591020	1.0000	1.0000	1.0000
144915	modeC_simplified_144915	0.1402591020	1.0000	1.0000	1.0000
157972	modeC_simplified_157972	0.1058609635	1.0000	1.0000	1.0000
144916	modeC_simplified_144916	0.0632844642	1.0000	1.0000	1.0000
144919	modeC_simplified_144919	0.0632844642	1.0000	1.0000	1.0000
144920	modeC_simplified_144920	0.0441656411	1.0000	1.0000	1.0000
144917	modeC_simplified_144917	0.0315974541	1.0000	1.0000	1.0000
144921	modeC_simplified_144921	0.0230061989	1.0000	1.0000	1.0000
157973	modeC_simplified_157973	0.0183213651	1.0000	1.0000	1.0000
144922	modeC_simplified_144922	0.0124846781	1.0000	1.0000	1.0000
144925	modeC_simplified_144925	0.0124846781	1.0000	1.0000	1.0000
144926	modeC_simplified_144926	0.0091380989	1.0000	1.0000	1.0000
144923	modeC_simplified_144923	0.0051936498	1.0000	1.0000	1.0000
144927	modeC_simplified_144927	0.0051936498	1.0000	1.0000	1.0000
157977	modeC_simplified_157977	0.0044040722	1.0000	1.0000	1.0000
157974	modeC_simplified_157974	0.0031285346	1.0000	1.0000	1.0000
157978	modeC_simplified_157978	0.0031285346	1.0000	1.0000	1.0000
157979	modeC_simplified_157979	0.0024304809	1.0000	1.0000	1.0000
157975	modeC_simplified_157975	0.0014487567	1.0000	1.0000	1.0000
157980	modeC_simplified_157980	0.0014487567	1.0000	1.0000	1.0000
157983	modeC_simplified_157983	0.0012277695	1.0000	1.0000	1.0000
157981	modeC_simplified_157981	0.0009216880	1.0000	1.0000	1.0000
157984	modeC_simplified_157984	0.0009216880	1.0000	1.0000	1.0000
157985	modeC_simplified_157985	0.0007465705	1.0000	1.0000	1.0000
157976	modeC_simplified_157976	0.0004565463	1.0000	1.0000	1.0000
157982	modeC_simplified_157982	0.0004565463	1.0000	1.0000	1.0000
157986	modeC_simplified_157986	0.0004565463	1.0000	1.0000	1.0000

# ttbar cross-section and branching ratios are taken from  
# https://twiki.cern.ch/twiki/bin/viewauth/AtlasProtected/TopCommonParametersMC12
105200	McAtNloJimmy_CT10_ttbar_LeptonFilter	238.06	1.000000	0.543	1.000000
105204	McAtNloJimmy_AUET2CT10_ttbar_allhad	238.06	1.000000	0.457	1.000000
105860	PowhegJimmy_AUET2CT10_ttbar_LeptonFilter	238.06	1.000000	0.543	1.000000
105861	PowhegPythia_AUET2BCT10_ttbar_LeptonFilter	238.06	1.000000	0.543	1.000000
# NLO cross section from MCFM with MSTW2008NLO PDF (only qq->WW)
105921	McAtNloJimmy_AUET2CT10_WpWmenuenu	0.621550	1.037000	1.000000	1.000000
105922	McAtNloJimmy_AUET2CT10_WpWmenumunu	0.619510	1.041000	1.000000	1.000000
105923	McAtNloJimmy_AUET2CT10_WpWmenutaunu	0.621790	1.036700	1.000000	1.000000
105924	McAtNloJimmy_AUET2CT10_WpWmmunuenu	0.620800	1.038300	1.000000	1.000000
105925	McAtNloJimmy_AUET2CT10_WpWmmunumunu	0.620740	1.038400	1.000000	1.000000
105926	McAtNloJimmy_AUET2CT10_WpWmmunutaunu	0.620400	1.039000	1.000000	1.000000
105927	McAtNloJimmy_AUET2CT10_WpWmtaunuenu	0.620690	1.038500	1.000000	1.000000
105928	McAtNloJimmy_AUET2CT10_WpWmtaunumunu	0.620760	1.038400	1.000000	1.000000
105929	McAtNloJimmy_AUET2CT10_WpWmtaunutaunu	0.619370	1.040700	1.000000	1.000000
# SM DiBoson samples: NLO cross-sections source ATL-COM-PHYS-2010-695
105985	Herwig_AUET2CTEQ6L1_WW	32.50100	1.680000	0.382120	1.000000
# Needs to be updated for correct mass cut, so far use MCFM (M > 60 GeV) / Herwig:
105986	Herwig_AUET2CTEQ6L1_ZZ	4.691400	1.550000	0.211650	1.000000
# Needs to be updated for correct mass cut, so far use MCFM (M > 60 GeV) / Herwig:
105987	Herwig_AUET2CTEQ6L1_WZ	12.00900	1.900000        0.305460	1.000000
# NLO cross section from MCFM with MSTW2008NLO PDF
106011	gg2WW0240Jimmy_AUET2CT10_WpWmenuenu	0.017470	1.196000	1.000000	1.000000
106012	gg2WW0240Jimmy_AUET2CT10_WpWmenumunu	0.017470	1.196000	1.000000	1.000000
106013	gg2WW0240Jimmy_AUET2CT10_WpWmenutaunu	0.017470	1.196000	1.000000	1.000000
106014	gg2WW0240Jimmy_AUET2CT10_WpWmmunumunu	0.017470	1.196000	1.000000	1.000000
106015	gg2WW0240Jimmy_AUET2CT10_WpWmmunuenu	0.017470	1.196000	1.000000	1.000000
106016	gg2WW0240Jimmy_AUET2CT10_WpWmmunutaunu	0.017470	1.196000	1.000000	1.000000
106017	gg2WW0240Jimmy_AUET2CT10_WpWmtaunutaunu	0.017470	1.196000	1.000000	1.000000
106018	gg2WW0240Jimmy_AUET2CT10_WpWmtaunuenu	0.017470	1.196000	1.000000	1.000000
106019	gg2WW0240Jimmy_AUET2CT10_WpWmtaunumunu	0.017470	1.196000	1.000000	1.000000
# Use same k -factor as inclusive Alpgen W samples
107280	AlpgenJimmy_AUET2CTEQ6L1_WbbNp0	55.682000	1.186000	1.000000	1.000000
107281	AlpgenJimmy_AUET2CTEQ6L1_WbbNp1	45.243000	1.186000	1.000000	1.000000
107282	AlpgenJimmy_AUET2CTEQ6L1_WbbNp2	23.246000	1.186000	1.000000	1.000000
107283	AlpgenJimmy_AUET2CTEQ6L1_WbbNp3	11.144000	1.186000	1.000000	1.000000
# Z-> ll k-factor based on DYNNLO with MSTW2008, M > 60 GeV
107650	AlpgenJimmy_AUET2CTEQ6L1_ZeeNp0	711.770000	1.230400	1.000000	1.000000
107651	AlpgenJimmy_AUET2CTEQ6L1_ZeeNp1	155.170000	1.230400	1.000000	1.000000
107652	AlpgenJimmy_AUET2CTEQ6L1_ZeeNp2	48.745000	1.230400	1.000000	1.000000
107653	AlpgenJimmy_AUET2CTEQ6L1_ZeeNp3	14.225000	1.230400	1.000000	1.000000
107654	AlpgenJimmy_AUET2CTEQ6L1_ZeeNp4	3.759500	1.230400	1.000000	1.000000
107655	AlpgenJimmy_AUET2CTEQ6L1_ZeeNp5	1.094500	1.230400	1.000000	1.000000
107660	AlpgenJimmy_AUET2CTEQ6L1_ZmumuNp0	712.110000	1.230300	1.000000	1.000000
107661	AlpgenJimmy_AUET2CTEQ6L1_ZmumuNp1	154.770000	1.230300	1.000000	1.000000
107662	AlpgenJimmy_AUET2CTEQ6L1_ZmumuNp2	48.912000	1.230300	1.000000	1.000000
107663	AlpgenJimmy_AUET2CTEQ6L1_ZmumuNp3	14.226000	1.230300	1.000000	1.000000
107664	AlpgenJimmy_AUET2CTEQ6L1_ZmumuNp4	3.783800	1.230300	1.000000	1.000000
107665	AlpgenJimmy_AUET2CTEQ6L1_ZmumuNp5	1.114800	1.230300	1.000000	1.000000
107670	AlpgenJimmy_AUET2CTEQ6L1_ZtautauNp0	711.810000	1.230100	1.000000	1.000000
107671	AlpgenJimmy_AUET2CTEQ6L1_ZtautauNp1	155.130000	1.230100	1.000000	1.000000
107672	AlpgenJimmy_AUET2CTEQ6L1_ZtautauNp2	48.804000	1.230100	1.000000	1.000000
107673	AlpgenJimmy_AUET2CTEQ6L1_ZtautauNp3	14.160000	1.230100	1.000000	1.000000
107674	AlpgenJimmy_AUET2CTEQ6L1_ZtautauNp4	3.774400	1.230100	1.000000	1.000000
107675	AlpgenJimmy_AUET2CTEQ6L1_ZtautauNp5	1.116300	1.230100	1.000000	1.000000
# W-> lnu k-factor based on DYNNLO with MSTW2008
107680	AlpgenJimmy_AUET2CTEQ6L1_WenuNp0	8037.100000	1.186100	1.000000	1.000000
107681	AlpgenJimmy_AUET2CTEQ6L1_WenuNp1	1579.200000	1.186100	1.000000	1.000000
107682	AlpgenJimmy_AUET2CTEQ6L1_WenuNp2	477.200000	1.186100	1.000000	1.000000
107683	AlpgenJimmy_AUET2CTEQ6L1_WenuNp3	133.930000	1.186100	1.000000	1.000000
107684	AlpgenJimmy_AUET2CTEQ6L1_WenuNp4	35.622000	1.186100	1.000000	1.000000
107685	AlpgenJimmy_AUET2CTEQ6L1_WenuNp5	10.553000	1.186100	1.000000	1.000000
107690	AlpgenJimmy_AUET2CTEQ6L1_WmunuNp0	8040.000000	1.185600	1.000000	1.000000
107691	AlpgenJimmy_AUET2CTEQ6L1_WmunuNp1	1580.300000	1.185600	1.000000	1.000000
107692	AlpgenJimmy_AUET2CTEQ6L1_WmunuNp2	477.500000	1.185600	1.000000	1.000000
107693	AlpgenJimmy_AUET2CTEQ6L1_WmunuNp3	133.940000	1.185600	1.000000	1.000000
107694	AlpgenJimmy_AUET2CTEQ6L1_WmunuNp4	35.636000	1.185600	1.000000	1.000000
107695	AlpgenJimmy_AUET2CTEQ6L1_WmunuNp5	10.571000	1.185600	1.000000	1.000000
107700	AlpgenJimmy_AUET2CTEQ6L1_WtaunuNp0	8035.800000	1.186200	1.000000	1.000000
107701	AlpgenJimmy_AUET2CTEQ6L1_WtaunuNp1	1579.800000	1.186200	1.000000	1.000000
107702	AlpgenJimmy_AUET2CTEQ6L1_WtaunuNp2	477.550000	1.186200	1.000000	1.000000
107703	AlpgenJimmy_AUET2CTEQ6L1_WtaunuNp3	133.790000	1.186200	1.000000	1.000000
107704	AlpgenJimmy_AUET2CTEQ6L1_WtaunuNp4	35.583000	1.186200	1.000000	1.000000
107705	AlpgenJimmy_AUET2CTEQ6L1_WtaunuNp5	10.540000	1.186200	1.000000	1.000000
# single top cross-section are taken from (Wt-chan = 22.37 pb, s-chan = 5.61) 
# https://twiki.cern.ch/twiki/bin/viewauth/AtlasProtected/TopCommonParametersMC12
108343	McAtNloJimmy_CT10NLOME_AUET2CTEQ6L1MPI_SingleTopSChanWenu	0.564440	1.074	1.000000	1.000000
108344	McAtNloJimmy_CT10NLOME_AUET2CTEQ6L1MPI_SingleTopSChanWmunu	0.564260	1.074	1.000000	1.000000
108345	McAtNloJimmy_CT10NLOME_AUET2CTEQ6L1MPI_SingleTopSChanWtaunu	0.564040	1.074	1.000000	1.000000
108346	McAtNloJimmy_CT10NLOME_AUET2CTEQ6L1MPI_SingleTopWtChanIncl	20.658000	1.083	1.000000	1.000000
# Use same k -factor as inclusive Alpgen W samples
109300	AlpgenJimmy_AUET2CTEQ6L1_ZeebbNp0	8.377700	1.230000	1.000000	1.000000
109301	AlpgenJimmy_AUET2CTEQ6L1_ZeebbNp1	3.252900	1.230000	1.000000	1.000000
109302	AlpgenJimmy_AUET2CTEQ6L1_ZeebbNp2	1.190200	1.230000	1.000000	1.000000
109303	AlpgenJimmy_AUET2CTEQ6L1_ZeebbNp3	0.502780	1.230000	1.000000	1.000000
109305	AlpgenJimmy_AUET2CTEQ6L1_ZmumubbNp0	8.374200	1.230000	1.000000	1.000000
109306	AlpgenJimmy_AUET2CTEQ6L1_ZmumubbNp1	3.254000	1.230000	1.000000	1.000000
109307	AlpgenJimmy_AUET2CTEQ6L1_ZmumubbNp2	1.181000	1.230000	1.000000	1.000000
109308	AlpgenJimmy_AUET2CTEQ6L1_ZmumubbNp3	0.506690	1.230000	1.000000	1.000000
109310	AlpgenJimmy_AUET2CTEQ6L1_ZtautaubbNp0	8.375700	1.230000	1.000000	1.000000
109311	AlpgenJimmy_AUET2CTEQ6L1_ZtautaubbNp1	3.242700	1.230000	1.000000	1.000000
109312	AlpgenJimmy_AUET2CTEQ6L1_ZtautaubbNp2	1.193800	1.230000	1.000000	1.000000
109313	AlpgenJimmy_AUET2CTEQ6L1_ZtautaubbNp3	0.497910	1.230000	1.000000	1.000000
# ttbar FL branching ratio is taken as (3*0.108)*(3*0.108)
110001	McAtNloJimmy_CT10_ttbar_dilepton	238.06	1.000000	0.104976	1.000000
113714	Sherpa_CT10_SinglePhotonPt35	24475.000000	1.000000	1.000000	1.000000
113715	Sherpa_CT10_SinglePhotonPt70	2153.000000	1.000000	1.000000	1.000000
113716	Sherpa_CT10_SinglePhotonPt140	137.850000	1.000000	1.000000	1.000000
113717	Sherpa_CT10_SinglePhotonPt280	5.962700	1.000000	1.000000	1.000000
116600	gg2ZZJimmy_AUET2CT10_ZZ4lep	0.002790	1.000000	0.568750	1.000000
116601	gg2ZZJimmy_AUET2CT10_ZZ4e	0.001535	1.000000	1.000000	1.000000
116602	gg2ZZJimmy_AUET2CT10_ZZ4mu	0.001535	1.000000	1.000000	1.000000
116603	gg2ZZJimmy_AUET2CT10_ZZ2e2mu	0.001535	1.000000	1.000000	1.000000
# Use same k -factor as inclusive Alpgen W samples
117284	AlpgenJimmy_AUET2CTEQ6L1_WccNp0	150.190000	1.190000	1.000000	1.000000
117285	AlpgenJimmy_AUET2CTEQ6L1_WccNp1	132.680000	1.190000	1.000000	1.000000
117286	AlpgenJimmy_AUET2CTEQ6L1_WccNp2	71.807000	1.190000	1.000000	1.000000
117287	AlpgenJimmy_AUET2CTEQ6L1_WccNp3	30.264000	1.190000	1.000000	1.000000
117293	AlpgenJimmy_AUET2CTEQ6L1_WcNp0	807.890000	1.190000	1.000000	1.000000
117294	AlpgenJimmy_AUET2CTEQ6L1_WcNp1	267.610000	1.190000	1.000000	1.000000
117295	AlpgenJimmy_AUET2CTEQ6L1_WcNp2	69.823000	1.190000	1.000000	1.000000
117296	AlpgenJimmy_AUET2CTEQ6L1_WcNp3	20.547000	1.190000	1.000000	1.000000
117297	AlpgenJimmy_AUET2CTEQ6L1_WcNp4	4.306900	1.190000	1.000000	1.000000
# ACER cross-sections reported by AMI are wrong, values set here are courtesy
# of Liza Mijovic. NLO cross-section is 87.76 pb from top wg wiki
117360	AcerMCPythia_AUET2BCTEQ6L1_singletop_tchan_e	8.604	1.10	1.000000	1.000000
117361	AcerMCPythia_AUET2BCTEQ6L1_singletop_tchan_mu	8.604	1.10	1.000000	1.000000
117362	AcerMCPythia_AUET2BCTEQ6L1_singletop_tchan_tau	8.604	1.10	1.000000	1.000000
# Use same k -factor as inclusive Alpgen Z samples
117706	AlpgenJimmy_AUET2CTEQ6L1_ZtautauccNp0	15.652000	1.230000	1.000000	1.000000
117707	AlpgenJimmy_AUET2CTEQ6L1_ZtautauccNp1	6.897900	1.230000	1.000000	1.000000
117708	AlpgenJimmy_AUET2CTEQ6L1_ZtautauccNp2	2.910000	1.230000	1.000000	1.000000
117709	AlpgenJimmy_AUET2CTEQ6L1_ZtautauccNp3	1.134000	1.230000	1.000000	1.000000
# For Sherpa ttbar, summing up all samples below to match 238.06*0.543
117800	Sherpa_CT10_TtbarLeptLept	9.161600	1.243	1.000000	1.000000
117801	Sherpa_CT10_TtbarLeptTaulept	9.172400	1.243	0.352		1.000000
117802	Sherpa_CT10_TtbarTauleptTaulept	2.259500	1.243	0.123904	1.000000
117803	Sherpa_CT10_TtbarLeptHad	55.53000	1.243	1.000000	1.000000
117804	Sherpa_CT10_TtbarLeptTauhad	9.258200	1.243	0.648		1.000000
117805	Sherpa_CT10_TtbarTauleptHad	27.766000	1.243	0.352		1.000000
117806	Sherpa_CT10_TtbarTauleptTauhad	2.310700	1.243	0.456192	1.000000
117808	Sherpa_CT10_TtbarHadTauhad	27.788000	1.243	0.648		1.000000
117809	Sherpa_CT10_TtbarTauhadTauhad	2.303100	1.243	0.419904	1.000000
# ttbarV cross-sections taken from Ellis et al. paper
# ttbarW = 232 fb @ NLO (8 TeV), ttbarZ = 208 fb @ NLO (8 TeV)
119353	MadGraphPythia_AUET2BCTEQ6L1_ttbarW	0.104100	1.175	1.000000	1.000000
119354	MadGraphPythia_AUET2BCTEQ6L1_ttbarWj	0.093317	1.175	1.000000	1.000000
119355	MadGraphPythia_AUET2BCTEQ6L1_ttbarZ	0.067690	1.34	1.000000	1.000000
119356	MadGraphPythia_AUET2BCTEQ6L1_ttbarZj	0.087339	1.34	1.000000	1.000000
126371	Sherpa_CT10_SinglePhotonPt500	0.276450	1.000000	1.000000	1.000000
126372	Sherpa_CT10_SinglePhotonPt15	389630.000000	1.000000	1.000000	1.000000
126022	Sherpa_CT10_nunugammaPt70	0.762490	1.000000	1.000000	1.000000
# Use same k -factor as inclusive Alpgen Z samples
126414	AlpgenJimmy_AUET2CTEQ6L1_ZeeccNp0	15.654000	1.230000	1.000000	1.000000
126415	AlpgenJimmy_AUET2CTEQ6L1_ZeeccNp1	6.894600	1.230000	1.000000	1.000000
126416	AlpgenJimmy_AUET2CTEQ6L1_ZeeccNp2	2.920400	1.230000	1.000000	1.000000
126417	AlpgenJimmy_AUET2CTEQ6L1_ZeeccNp3	1.141100	1.230000	1.000000	1.000000
126418	AlpgenJimmy_AUET2CTEQ6L1_ZmumuccNp0	15.649000	1.230000	1.000000	1.000000
126419	AlpgenJimmy_AUET2CTEQ6L1_ZmumuccNp1	6.893000	1.230000	1.000000	1.000000
126420	AlpgenJimmy_AUET2CTEQ6L1_ZmumuccNp2	2.917600	1.230000	1.000000	1.000000
126421	AlpgenJimmy_AUET2CTEQ6L1_ZmumuccNp3	1.137700	1.230000	1.000000	1.000000
126739	Sherpa_CT10_enugammaPt10	163.110000	1.000000	1.000000	1.000000
126742	Sherpa_CT10_munugammaPt10	162.740000	1.000000	1.000000	1.000000
126854	Sherpa_CT10_tautaugammaPt10	32.332000	1.000000	1.000000	1.000000
126856	Sherpa_CT10_taunugammaPt10	162.000000	1.000000	1.000000	1.000000
# k-factors obtained as MCFM NLO CT10/ Sherpa <=1 jet CT10, for opposite flavor lepton pairs and mSFOS>20GeV, assuming they are applicable to the produced Sherpa <=3 jet samples below, needs expert confirmation
126892	Sherpa_CT10_llnunu_WW	5.4982	1.07	1.	1.
126893	Sherpa_CT10_lllnu_WZ	9.7534	1.06	1.	1.
126894	Sherpa_CT10_llll_ZZ	8.7356	1.11	1.	1.
126895	Sherpa_CT10_llnunu_ZZ	0.4962	1.14	1.	1.
# end of k-factors obtained as MCFM NLO CT10/ Sherpa <=1 jet CT10
# NLO cross section from MCFM with MSTW2008NLO PDF (only qq->WW)
126928	PowhegPythia8_AU2CT10_WpWm_ee	0.597740	1.078400	1.000000	1.000000
126929	PowhegPythia8_AU2CT10_WpWm_me	0.597450	1.078900	1.000000	1.000000
126930	PowhegPythia8_AU2CT10_WpWm_te	0.597530	1.078800	1.000000	1.000000
126931	PowhegPythia8_AU2CT10_WpWm_em	0.597720	1.078400	1.000000	1.000000
126932	PowhegPythia8_AU2CT10_WpWm_mm	0.597240	1.079300	1.000000	1.000000
126933	PowhegPythia8_AU2CT10_WpWm_tm	0.597370	1.079100	1.000000	1.000000
126934	PowhegPythia8_AU2CT10_WpWm_et	0.596990	1.079800	1.000000	1.000000
126935	PowhegPythia8_AU2CT10_WpWm_mt	0.597700	1.078500	1.000000	1.000000
126936	PowhegPythia8_AU2CT10_WpWm_tt	0.597590	1.078700	1.000000	1.000000
126937	PowhegPythia8_AU2CT10_ZZ_4e_mll4_2pt5	0.076860	1.000000	0.907650	1.000000
126938	PowhegPythia8_AU2CT10_ZZ_2e2mu_mll4_2pt5	0.175500	1.000000	0.827240	1.000000
126939	PowhegPythia8_AU2CT10_ZZ_2e2tau_mll4_2pt5	0.175400	1.000000	0.582780	1.000000
126940	PowhegPythia8_AU2CT10_ZZ_4mu_mll4_2pt5	0.076870	1.000000	0.912410	1.000000
126941	PowhegPythia8_AU2CT10_ZZ_2mu2tau_mll4_2pt5	0.175400	1.000000	0.587250	1.000000
126942	PowhegPythia8_AU2CT10_ZZ_4tau_mll4_2pt5	0.076850	1.000000	0.106040	1.000000
126949	PowhegPythia8_AU2CT10_ZZllnunu_ee_mll4	0.054310	1.000000	1.000000	1.000000
126950	PowhegPythia8_AU2CT10_ZZllnunu_mm_mll4	0.054310	1.000000	1.000000	1.000000
126951	PowhegPythia8_AU2CT10_ZZllnunu_tt_mll4	0.054310	1.000000	1.000000	1.000000
126955	Sherpa_CT10_SinglePhotonPt800	0.013346	1.000000	1.000000	1.000000
126956	Sherpa_CT10_SinglePhotonPt1000	0.002382	1.000000	1.000000	1.000000
128975	Sherpa_CT10_ZeeHeavyJets	58.780000	1.000000	1.000000	1.000000
128976	Sherpa_CT10_ZmumuHeavyJets	58.786000	1.000000	1.000000	1.000000
128977	Sherpa_CT10_ZtautauHeavyJets	58.794000	1.000000	1.000000	1.000000
128979	Sherpa_CT10_ZnunuHeavyJets	315.370000	1.000000	1.000000	1.000000
129477	PowhegPythia8_AU2CT10_WZ_Wm11Z11_mll0p250d0_2LeptonFilter5	1.407000	1.000000	0.294560	1.000000
129478	PowhegPythia8_AU2CT10_WZ_Wm11Z13_mll0p4614d0_2LeptonFilter5	0.938200	1.000000	0.352110	1.000000
129479	PowhegPythia8_AU2CT10_WZ_Wm11Z15_mll3p804d0_2LeptonFilter5	0.174600	1.000000	0.166820	1.000000
129480	PowhegPythia8_AU2CT10_WZ_Wm13Z11_mll0p250d0_2LeptonFilter5	1.399000	1.000000	0.293510	1.000000
129481	PowhegPythia8_AU2CT10_WZ_Wm13Z13_mll0p4614d0_2LeptonFilter5	0.953700	1.000000	0.351320	1.000000
129482	PowhegPythia8_AU2CT10_WZ_Wm13Z15_mll3p804d0_2LeptonFilter5	0.174600	1.000000	0.168630	1.000000
129483	PowhegPythia8_AU2CT10_WZ_Wm15Z11_mll0p250d0_2LeptonFilter5	1.399000	1.000000	0.142890	1.000000
129484	PowhegPythia8_AU2CT10_WZ_Wm15Z13_mll0p4614d0_2LeptonFilter5	0.938200	1.000000	0.182560	1.000000
129485	PowhegPythia8_AU2CT10_WZ_Wm15Z15_mll3p804d0_2LeptonFilter5	0.171900	1.000000	0.058517	1.000000
129486	PowhegPythia8_AU2CT10_WZ_W11Z11_mll0p250d0_2LeptonFilter5	0.979500	1.000000	0.296940	1.000000
129487	PowhegPythia8_AU2CT10_WZ_W11Z13_mll0p4614d0_2LeptonFilter5	0.639000	1.000000	0.353020	1.000000
129488	PowhegPythia8_AU2CT10_WZ_W11Z15_mll3p804d0_2LeptonFilter5	0.112500	1.000000	0.159690	1.000000
129489	PowhegPythia8_AU2CT10_WZ_W13Z11_mll0p250d0_2LeptonFilter5	0.935900	1.000000	0.297660	1.000000
129490	PowhegPythia8_AU2CT10_WZ_W13Z13_mll0p4614d0_2LeptonFilter5	0.648800	1.000000	0.354140	1.000000
129491	PowhegPythia8_AU2CT10_WZ_W13Z15_mll3p804d0_2LeptonFilter5	0.112500	1.000000	0.160230	1.000000
129492	PowhegPythia8_AU2CT10_WZ_W15Z11_mll0p250d0_2LeptonFilter5	0.935900	1.000000	0.148030	1.000000
129493	PowhegPythia8_AU2CT10_WZ_W15Z13_mll0p4614d0_2LeptonFilter5	0.639000	1.000000	0.186570	1.000000
129494	PowhegPythia8_AU2CT10_WZ_W15Z15_mll3p804d0_2LeptonFilter5	0.110700	1.000000	0.056651	1.000000
143065	Sherpa_CT10_nunuqq	5.548000	1.000000	1.000000	1.000000
# k-factor for Sherpa W+>=3jets samples extracted via fitting NJ30 distribution wrt inclusive NLO sample
144992	Sherpa_CT10_Wenu_3jets	461.690000	1.137000	1.000000	1.000000
144993	Sherpa_CT10_Wmunu_3jets	461.940000	1.137000	1.000000	1.000000
144994	Sherpa_CT10_Wtaunu_3jets	461.090000	1.137000	1.000000	1.000000
145161	Sherpa_CT10_eegammaPt10	32.260000	1.000000	1.000000	1.000000
145162	Sherpa_CT10_mumugammaPt10	32.317000	1.000000	1.000000	1.000000
146430	AlpgenJimmy_AUET2CTEQ6L1_WgammaNp0	230.090000	1.000000	1.000000	1.000000
146431	AlpgenJimmy_AUET2CTEQ6L1_WgammaNp1	59.343000	1.000000	1.000000	1.000000
146432	AlpgenJimmy_AUET2CTEQ6L1_WgammaNp2	21.469000	1.000000	1.000000	1.000000
146433	AlpgenJimmy_AUET2CTEQ6L1_WgammaNp3	7.103200	1.000000	1.000000	1.000000
146434	AlpgenJimmy_AUET2CTEQ6L1_WgammaNp4	2.122400	1.000000	1.000000	1.000000
146435	AlpgenJimmy_AUET2CTEQ6L1_WgammaNp5	0.466120	1.000000	1.000000	1.000000
146436	AlpgenJimmy_AUET2CTEQ6L1_WgammaNp0_LeptonPhotonFilter	229.880000	1.000000	0.313720	1.000000
146437	AlpgenJimmy_AUET2CTEQ6L1_WgammaNp1_LeptonPhotonFilter	59.518000	1.000000	0.448710	1.000000
146438	AlpgenJimmy_AUET2CTEQ6L1_WgammaNp2_LeptonPhotonFilter	21.390000	1.000000	0.544610	1.000000
146439	AlpgenJimmy_AUET2CTEQ6L1_WgammaNp3_LeptonPhotonFilter	7.120300	1.000000	0.629740	1.000000
146820	Sherpa_CT10_ZeeLightJets	1051.200000	1.000000	1.000000	1.000000
146821	Sherpa_CT10_ZmumuLightJets	1052.300000	1.000000	1.000000	1.000000
146822	Sherpa_CT10_ZtautauLightJets	1051.300000	1.000000	1.000000	1.000000
146823	Sherpa_CT10_ZnunuLightJets	5679.800000	1.000000	1.000000	1.000000
146825	Sherpa_CT10_SinglePhotonPt15_2JetEt35Et20	-1.000000	1.000000	1.000000	1.000000
146828	Sherpa_CT10_nunugammaPt20	9.004900	1.000000	1.000000	1.000000
# DY k-factor based on DYNNLO with MSTW2008
146830	AlpgenJimmy_Auto_AUET2CTEQ6L1_ZeeNp0Excl_Mll10to60		3477.200000	1.194800	1.000000	1.000000
146831	AlpgenJimmy_Auto_AUET2CTEQ6L1_ZeeNp1Excl_Mll10to60		108.8000000	1.194800	1.000000	1.000000
146832	AlpgenJimmy_Auto_AUET2CTEQ6L1_ZeeNp2Excl_Mll10to60		52.76700000	1.194800	1.000000	1.000000
146833	AlpgenJimmy_Auto_AUET2CTEQ6L1_ZeeNp3Excl_Mll10to60		11.29700000	1.194800	1.000000	1.000000
146834	AlpgenJimmy_Auto_AUET2CTEQ6L1_ZeeNp4Excl_Mll10to60		2.589800000	1.194800	1.000000	1.000000
146835	AlpgenJimmy_Auto_AUET2CTEQ6L1_ZeeNp5incl_Mll10to60		0.692670000	1.194800	1.000000	1.000000
146840	AlpgenJimmy_Auto_AUET2CTEQ6L1_ZmumuNp0Excl_Mll10to60		3477.100000	1.194800	1.000000	1.000000
146841	AlpgenJimmy_Auto_AUET2CTEQ6L1_ZmumuNp1Excl_Mll10to60		108.7500000	1.194800	1.000000	1.000000
146842	AlpgenJimmy_Auto_AUET2CTEQ6L1_ZmumuNp2Excl_Mll10to60		52.74100000	1.194800	1.000000	1.000000
146843	AlpgenJimmy_Auto_AUET2CTEQ6L1_ZmumuNp3Excl_Mll10to60		11.24100000	1.194800	1.000000	1.000000
146844	AlpgenJimmy_Auto_AUET2CTEQ6L1_ZmumuNp4Excl_Mll10to60		2.600500000	1.194800	1.000000	1.000000
146845	AlpgenJimmy_Auto_AUET2CTEQ6L1_ZmumuNp5Incl_Mll10to60		0.693730000	1.194800	1.000000	1.000000
146850	AlpgenJimmy_Auto_AUET2CTEQ6L1_ZtautauNp0Excl_Mll10to60		3477.100000	1.194800	1.000000	1.000000
146851	AlpgenJimmy_Auto_AUET2CTEQ6L1_ZtautauNp1Excl_Mll10to60		108.7400000	1.194800	1.000000	1.000000
146852	AlpgenJimmy_Auto_AUET2CTEQ6L1_ZtautauNp2Excl_Mll10to60		52.73200000	1.194800	1.000000	1.000000
146853	AlpgenJimmy_Auto_AUET2CTEQ6L1_ZtautauNp3Excl_Mll10to60		11.32600000	1.194800	1.000000	1.000000
146854	AlpgenJimmy_Auto_AUET2CTEQ6L1_ZtautauNp4Excl_Mll10to60		2.592000000	1.194800	1.000000	1.000000
146855	AlpgenJimmy_Auto_AUET2CTEQ6L1_ZtautauNp5Incl_Mll10to60		0.692900000	1.194800	1.000000	1.000000
146864	AlpgenJimmy_Auto_AUET2CTEQ6L1_Filtered_ZeeNp4Excl_Mll10to60	2.585200	1.000000	0.252620	1.000000
146870	AlpgenJimmy_Auto_AUET2CTEQ6L1_Filtered_ZmumuNp0Excl_Mll10to60	3477.700000	1.000000	0.010861	1.000000
146871	AlpgenJimmy_Auto_AUET2CTEQ6L1_Filtered_ZmumuNp1Excl_Mll10to60	108.740000	1.000000	0.210960	1.000000
146872	AlpgenJimmy_Auto_AUET2CTEQ6L1_Filtered_ZmumuNp2Excl_Mll10to60	52.816000	1.000000	0.142610	1.000000
146873	AlpgenJimmy_Auto_AUET2CTEQ6L1_Filtered_ZmumuNp3Excl_Mll10to60	11.299000	1.000000	0.213850	1.000000
146874	AlpgenJimmy_Auto_AUET2CTEQ6L1_Filtered_ZmumuNp4Excl_Mll10to60	2.579300	1.000000	0.258690	1.000000
146880	AlpgenJimmy_Auto_AUET2CTEQ6L1_Filtered_ZtautauNp0Excl_Mll10to60	3477.900000	1.000000	0.000024	1.000000
146881	AlpgenJimmy_Auto_AUET2CTEQ6L1_Filtered_ZtautauNp1Excl_Mll10to60	108.710000	1.000000	0.001361	1.000000
146882	AlpgenJimmy_Auto_AUET2CTEQ6L1_Filtered_ZtautauNp2Excl_Mll10to60	52.827000	1.000000	0.001740	1.000000
146883	AlpgenJimmy_Auto_AUET2CTEQ6L1_Filtered_ZtautauNp3Excl_Mll10to60	11.311000	1.000000	0.003873	1.000000
146890	MadGraphPythia_AUET2BCTEQ6L1_lnuee_lt7	681.510000	1.000000	1.000000	1.000000
146891	MadGraphPythia_AUET2BCTEQ6L1_lnuee_gt7	0.337050	1.000000	1.000000	1.000000
146893	MadGraphPythia_AUET2BCTEQ6L1_lnumumu_gt7	0.337770	1.000000	1.000000	1.000000
146895	MadGraphPythia_AUET2BCTEQ6L1_lnutautau_gt7	0.348010	1.000000	1.000000	1.000000
146903	Pythia8_AU2CTEQ6L1_ZZ4l	0.113820	1.000000	1.000000	1.000000
146980	AlpgenJimmy_Auto_AUET2CTEQ6L1_4lFilter_ZeeNp0	8.374800	1.000000	0.003612	1.000000
146981	AlpgenJimmy_Auto_AUET2CTEQ6L1_4lFilter_ZeeNp1	3.256000	1.000000	0.007958	1.000000
146982	AlpgenJimmy_Auto_AUET2CTEQ6L1_4lFilter_ZbbeeNp2	1.202500	1.000000	0.012528	1.000000
146985	AlpgenJimmy_Auto_AUET2CTEQ6L1_4lFilter_ZmumuNp0	8.374600	1.000000	0.003638	1.000000
146986	AlpgenJimmy_Auto_AUET2CTEQ6L1_4lFilter_ZmumuNp1	3.256300	1.000000	0.007990	1.000000
146987	AlpgenJimmy_Auto_AUET2CTEQ6L1_4lFilter_ZbbmumuNp2	1.201700	1.000000	0.012424	1.000000
146990	AlpgenJimmy_Auto_AUET2CTEQ6L1_3lFilter_4lVeto_ZeeNp0	8.376400	1.000000	0.089526	1.000000
146991	AlpgenJimmy_Auto_AUET2CTEQ6L1_3lFilter_4lVeto_ZeeNp1	3.256500	1.000000	0.138050	1.000000
146992	AlpgenJimmy_Auto_AUET2CTEQ6L1_3lFilter_4lVeto_ZbbeeNp2	1.201700	1.000000	0.160390	1.000000
146995	AlpgenJimmy_Auto_AUET2CTEQ6L1_3lFilter_4lVeto_ZmumuNp0	8.375300	1.000000	0.089900	1.000000
146996	AlpgenJimmy_Auto_AUET2CTEQ6L1_3lFilter_4lVeto_ZmumuNp1	3.254500	1.000000	0.138200	1.000000
146997	AlpgenJimmy_Auto_AUET2CTEQ6L1_3lFilter_4lVeto_ZbbmumuNp2	1.200200	1.000000	0.160570	1.000000
#  Z-> ll k-factor based on DYNNLO with MSTW2008, M > 40 GeV
147770	Sherpa_CT10_Zee	 	1207.900000	1.027600	1.000000	1.000000
147771	Sherpa_CT10_Zmumu	1207.800000	1.027600	1.000000	1.000000
147772	Sherpa_CT10_Ztautau	1207.100000	1.028200	1.000000	1.000000
147773	Sherpa_CT10_Znunu	6521.400000	1.028000	1.000000	1.000000
# W -> lnu k-factor based on DYNNLO with MSTW2008
147774	Sherpa_CT10_Wenu	11878.000000	1.025900	1.000000	1.000000
147775	Sherpa_CT10_Wmunu	11879.000000	1.025800	1.000000	1.000000
147776	Sherpa_CT10_Wtaunu	11872.000000	1.026400	1.000000	1.000000
147806	PowhegPythia8_AU2CT10_Zee	1109.900000	1.000000	1.000000	1.000000
147900	Pythia8_AU2CT10_jetjet_JZ0	72850000000.000000	1.000000	0.985450	1.000000
147901	Pythia8_AU2CT10_jetjet_JZ1	72850000000.000000	1.000000	0.014461	1.000000
147902	Pythia8_AU2CT10_jetjet_JZ2	26357000.000000	1.000000	0.107600	1.000000
147903	Pythia8_AU2CT10_jetjet_JZ3	544070.000000	1.000000	0.064129	1.000000
147904	Pythia8_AU2CT10_jetjet_JZ4	6445.400000	1.000000	0.030920	1.000000
147905	Pythia8_AU2CT10_jetjet_JZ5	39.742000	1.000000	0.034499	1.000000
147906	Pythia8_AU2CT10_jetjet_JZ6	0.416040	1.000000	0.062888	1.000000
147907	Pythia8_AU2CT10_jetjet_JZ7	0.040630	1.000000	0.014612	1.000000
147910	Pythia8_AU2CT10_jetjet_JZ0W	72850000000.000000	1.000000	0.985540	1.000000
147911	Pythia8_AU2CT10_jetjet_JZ1W	72850000000.000000	1.000000	0.000129	1.000000
147912	Pythia8_AU2CT10_jetjet_JZ2W	26359000.000000	1.000000	0.003994	1.000000
147913	Pythia8_AU2CT10_jetjet_JZ3W	544190.000000	1.000000	0.001219	1.000000
147914	Pythia8_AU2CT10_jetjet_JZ4W	6445.300000	1.000000	0.000708	1.000000
147915	Pythia8_AU2CT10_jetjet_JZ5W	39.739000	1.000000	0.002152	1.000000
147916	Pythia8_AU2CT10_jetjet_JZ6W	0.416090	1.000000	0.004684	1.000000
147917	Pythia8_AU2CT10_jetjet_JZ7W	0.040636	1.000000	0.014600	1.000000
# Z -> nunu k-factor based on Z-> ll k-factor based on DYNNLO with MSTW2008
156803	AlpgenJimmy_AUET2_CTEQ6L1_ZnunuNp0_filt1jet	4151.500000	1.232000	0.006456	1.000000
156804	AlpgenJimmy_AUET2_CTEQ6L1_ZnunuNp1_filt1jet	892.430000	1.232000	0.455520	1.000000
156805	AlpgenJimmy_AUET2_CTEQ6L1_ZnunuNp1_met140_filt1jet	6.032400	1.000000	1.000000	1.000000
156806	AlpgenJimmy_AUET2_CTEQ6L1_ZnunuNp1_met280_filt1jet	0.243240	1.000000	1.000000	1.000000
156807	AlpgenJimmy_AUET2_CTEQ6L1_ZnunuNp1_met500_filt1jet	0.008950	1.000000	1.000000	1.000000
156808	AlpgenJimmy_AUET2_CTEQ6L1_ZnunuNp1_met70_filt1jet	69.508000	1.000000	0.998500	1.000000
156809	AlpgenJimmy_AUET2_CTEQ6L1_ZnunuNp2_filt1jet	282.110000	1.232000	0.760560	1.000000
156810	AlpgenJimmy_AUET2_CTEQ6L1_ZnunuNp2_met140_filt1jet	7.998700	1.000000	0.999990	1.000000
156811	AlpgenJimmy_AUET2_CTEQ6L1_ZnunuNp2_met280_filt1jet	0.461950	1.000000	1.000000	1.000000
156812	AlpgenJimmy_AUET2_CTEQ6L1_ZnunuNp2_met500_filt1jet	0.022870	1.000000	1.000000	1.000000
156813	AlpgenJimmy_AUET2_CTEQ6L1_ZnunuNp2_met70_filt1jet	60.965000	1.000000	0.990950	1.000000
156814	AlpgenJimmy_AUET2_CTEQ6L1_ZnunuNp3_filt1jet	82.046000	1.232000	0.905910	1.000000
156815	AlpgenJimmy_AUET2_CTEQ6L1_ZnunuNp3_met140_filt1jet	5.244000	1.000000	1.000000	1.000000
156816	AlpgenJimmy_AUET2_CTEQ6L1_ZnunuNp3_met280_filt1jet	0.391690	1.000000	1.000000	1.000000
156817	AlpgenJimmy_AUET2_CTEQ6L1_ZnunuNp3_met500_filt1jet	0.022736	1.000000	1.000000	1.000000
156818	AlpgenJimmy_AUET2_CTEQ6L1_ZnunuNp3_met70_filt1jet	27.541000	1.000000	0.986400	1.000000
156819	AlpgenJimmy_AUET2_CTEQ6L1_ZnunuNp4_filt1jet	21.643000	1.232000	0.964720	1.000000
156820	AlpgenJimmy_AUET2_CTEQ6L1_ZnunuNp4_met140_filt1jet	2.346500	1.000000	0.999970	1.000000
156821	AlpgenJimmy_AUET2_CTEQ6L1_ZnunuNp4_met280_filt1jet	0.220320	1.000000	1.000000	1.000000
156822	AlpgenJimmy_AUET2_CTEQ6L1_ZnunuNp4_met500_filt1jet	0.014221	1.000000	1.000000	1.000000
156823	AlpgenJimmy_AUET2_CTEQ6L1_ZnunuNp4_met70_filt1jet	9.432100	1.000000	0.993290	1.000000
156824	AlpgenJimmy_AUET2_CTEQ6L1_ZnunuNp5_filt1jet	6.596300	1.232000	0.989490	1.000000
156825	AlpgenJimmy_AUET2_CTEQ6L1_ZnunuNp5_met140_filt1jet	1.042100	1.000000	1.000000	1.000000
156826	AlpgenJimmy_AUET2_CTEQ6L1_ZnunuNp5_met280_filt1jet	0.121720	1.000000	1.000000	1.000000
156827	AlpgenJimmy_AUET2_CTEQ6L1_ZnunuNp5_met500_filt1jet	0.008758	1.000000	1.000000	1.000000
156828	AlpgenJimmy_AUET2_CTEQ6L1_ZnunuNp5_met70_filt1jet	3.351700	1.000000	0.997790	1.000000
156839	AlpgenJimmy_AUET2_CTEQ6L1_GamNp1_ph140	26.198000	1.000000	1.000000	1.000000
156840	AlpgenJimmy_AUET2_CTEQ6L1_GamNp1_ph280	0.831190	1.000000	1.000000	1.000000
156841	AlpgenJimmy_AUET2_CTEQ6L1_GamNp1_ph35	9554.200000	1.000000	1.000000	1.000000
156842	AlpgenJimmy_AUET2_CTEQ6L1_GamNp1_ph500	0.029141	1.000000	1.000000	1.000000
156843	AlpgenJimmy_AUET2_CTEQ6L1_GamNp1_ph70	577.480000	1.000000	1.000000	1.000000
156844	AlpgenJimmy_AUET2_CTEQ6L1_GamNp2_ph140	38.671000	1.000000	1.000000	1.000000
156845	AlpgenJimmy_AUET2_CTEQ6L1_GamNp2_ph280	1.681100	1.000000	1.000000	1.000000
156846	AlpgenJimmy_AUET2_CTEQ6L1_GamNp2_ph35	4515.000000	1.000000	1.000000	1.000000
156847	AlpgenJimmy_AUET2_CTEQ6L1_GamNp2_ph500	0.075517	1.000000	1.000000	1.000000
156848	AlpgenJimmy_AUET2_CTEQ6L1_GamNp2_ph70	571.870000	1.000000	1.000000	1.000000
156849	AlpgenJimmy_AUET2_CTEQ6L1_GamNp3_ph140	28.570000	1.000000	1.000000	1.000000
156850	AlpgenJimmy_AUET2_CTEQ6L1_GamNp3_ph280	1.538300	1.000000	1.000000	1.000000
156851	AlpgenJimmy_AUET2_CTEQ6L1_GamNp3_ph35	1717.000000	1.000000	1.000000	1.000000
156852	AlpgenJimmy_AUET2_CTEQ6L1_GamNp3_ph500	0.077073	1.000000	1.000000	1.000000
156853	AlpgenJimmy_AUET2_CTEQ6L1_GamNp3_ph70	306.100000	1.000000	1.000000	1.000000
156854	AlpgenJimmy_AUET2_CTEQ6L1_GamNp4_ph140	14.216000	1.000000	1.000000	1.000000
156855	AlpgenJimmy_AUET2_CTEQ6L1_GamNp4_ph280	0.918520	1.000000	1.000000	1.000000
156856	AlpgenJimmy_AUET2_CTEQ6L1_GamNp4_ph35	513.940000	1.000000	1.000000	1.000000
156857	AlpgenJimmy_AUET2_CTEQ6L1_GamNp4_ph500	0.051166	1.000000	1.000000	1.000000
156858	AlpgenJimmy_AUET2_CTEQ6L1_GamNp4_ph70	115.850000	1.000000	1.000000	1.000000
156859	AlpgenJimmy_AUET2_CTEQ6L1_GamNp5_ph140	7.000900	1.000000	1.000000	1.000000
156860	AlpgenJimmy_AUET2_CTEQ6L1_GamNp5_ph280	0.541680	1.000000	1.000000	1.000000
156861	AlpgenJimmy_AUET2_CTEQ6L1_GamNp5_ph35	163.800000	1.000000	1.000000	1.000000
156862	AlpgenJimmy_AUET2_CTEQ6L1_GamNp5_ph500	0.033266	1.000000	1.000000	1.000000
156863	AlpgenJimmy_AUET2_CTEQ6L1_GamNp5_ph70	44.334000	1.000000	1.000000	1.000000
# k-factor for Sherpa PtW>200 samples extracted via fitting PtW distribution wrt inclusive NLO sample
157534	Sherpa_CT10_WenuPt200	8.067200	1.200000	1.000000	1.000000
157535	Sherpa_CT10_WmunuPt200	8.068800	1.200000	1.000000	1.000000
157536	Sherpa_CT10_WtaunuPt200	8.060800	1.200000	1.000000	1.000000
157537	Sherpa_CT10_ZnunuPt70	184.630000	1.000000	1.000000	1.000000
157538	Sherpa_CT10_ZnunuPt140	23.409000	1.000000	1.000000	1.000000
157539	Sherpa_CT10_ZnunuPt280	1.377700	1.000000	1.000000	1.000000
157540	Sherpa_CT10_ZnunuPt500	0.068989	1.000000	1.000000	1.000000
157814	Sherpa_CT10_VVtoeeqq	1.702000	1.000000	1.000000	1.000000
157815	Sherpa_CT10_VVtomumuqq	1.687000	1.000000	1.000000	1.000000
157816	Sherpa_CT10_VVtotautauqq	1.702000	1.000000	1.000000	1.000000
157817	Sherpa_CT10_VVtoenuqq	9.557000	1.000000	1.000000	1.000000
157818	Sherpa_CT10_VVtomunuqq	9.554000	1.000000	1.000000	1.000000
157819	Sherpa_CT10_VVtotaunuqq	9.557000	1.000000	1.000000	1.000000
157820	Sherpa_CT10_SingleTop_tLept_qqqq	14.222000	1.000000	1.000000	1.000000
157821	Sherpa_CT10_SingleTop_tTau_qqqq	7.078600	1.000000	1.000000	1.000000
157822	Sherpa_CT10_SingleTop_tbarLept_qqqq	8.953500	1.000000	1.000000	1.000000
157823	Sherpa_CT10_SingleTop_tbarTau_qqqq	4.485300	1.000000	1.000000	1.000000
157824	Sherpa_CT10_SingleTop_tHad_W_qqq	5.867300	1.000000	1.000000	1.000000
157825	Sherpa_CT10_SingleTop_tLept_W_qqq	1.886000	1.000000	1.000000	1.000000
157826	Sherpa_CT10_SingleTop_tTau_W_qqq	0.963870	1.000000	1.000000	1.000000
157827	Sherpa_CT10_SingleTop_tbarHad_W_qqq	5.733500	1.000000	1.000000	1.000000
157828	Sherpa_CT10_SingleTop_tbarLept_W_qqq	1.899800	1.000000	1.000000	1.000000
157829	Sherpa_CT10_SingleTop_tbarTau_W_qqq	1.060000	1.000000	1.000000	1.000000
161961	Sherpa_CT10_lllnu_WZ	2.512400	1.000000	1.000000	1.000000
161962	Sherpa_CT10_llll_ZZ	0.776760	1.000000	1.000000	1.000000
161963	Sherpa_CT10_llnunu_ZZ	0.383520	1.000000	1.000000	1.000000
161966	Sherpa_CT10_llnunu	5.902500	1.000000	1.000000	1.000000
129800	Sherpa_CT10_llnunujj_WW	1.583700	1.000000	1.000000	1.000000
129801	Sherpa_CT10_llnunujj_ZZ	0.045120	1.000000	1.000000	1.000000
# SM DiBoson samples: NLO cross-sections source ATL-COM-PHYS-2010-695
157951	Herwig_AUET2CTEQ6L1_WWtaunuqq	4.745100	1.680000	1.000000	1.000000
# Needs to be updated for correct mass cut, so far use MCFM (M > 60 GeV) / Herwig:
157952	Herwig_AUET2CTEQ6L1_WZtaunuqq	0.888950	1.900000	1.000000	1.000000
159101	Pythia8_AU2CTEQ6L1_gammajet_unbinned35	18652.000000	1.000000	0.573340	1.000000
159102	Pythia8_AU2CTEQ6L1_gammajet_unbinned70	1640.100000	1.000000	0.639800	1.000000
159103	Pythia8_AU2CTEQ6L1_gammajet_unbinned140	91.747000	1.000000	0.778790	1.000000
159104	Pythia8_AU2CTEQ6L1_gammajet_unbinned280	3.811900	1.000000	0.842440	1.000000
# SM DiBoson samples: NLO cross-sections source ATL-COM-PHYS-2010-695
161995	Herwig_AUET2CTEQ6L1_WW_NoLeptonFilter	32.486000	1.680000	1.000000	1.000000
# Needs to be updated for correct mass cut, so far use MCFM (M > 60 GeV) / Herwig:
161996	Herwig_AUET2CTEQ6L1_WZ_NoLeptonFilter	12.008000	1.900000	1.000000	1.000000
# Needs to be updated for correct mass cut, so far use MCFM (M > 60 GeV) / Herwig:
161997	Herwig_AUET2CTEQ6L1_ZZ_NoLeptonFilter	4.689400	1.550000	1.000000	1.000000
# Sherpa W samples with BVeto and FilterB
# W -> lnu k-factor based on DYNNLO with MSTW2008
167150	Sherpa_CT10_WenuMassiveBPt0_BFilter	11030.00	1.104800	0.016646	1.000000
167151	Sherpa_CT10_WmunuMassiveBPt0_BFilter	11030.00	1.104800	0.016635	1.000000
167152	Sherpa_CT10_WtaunuMassiveBPt0_BFilter	11028.00	1.105000	0.016649	1.000000
167153	Sherpa_CT10_WenuMassiveBPt0_VetoB	11028.00	1.105000	0.983310	1.000000
167154	Sherpa_CT10_WmunuMassiveBPt0_VetoB	11030.00	1.104800	0.983280	1.000000
167155	Sherpa_CT10_WtaunuMassiveBPt0_VetoB	11033.00	1.104500	0.983250	1.000000
# Use same k-factor as for the Pt0 samples
167156	Sherpa_CT10_WenuMassiveBPt140_BFilter	33.19900	1.105000	0.065963	1.000000
167157	Sherpa_CT10_WmunuMassiveBPt140_BFilter	33.19400	1.105000	0.065895	1.000000
167158	Sherpa_CT10_WtaunuMassiveBPt140_BFilter	33.19400	1.105000	0.065901	1.000000
167159	Sherpa_CT10_WenuMassiveBPt140_VetoB	33.15000	1.105000	0.934290	1.000000
167160	Sherpa_CT10_WmunuMassiveBPt140_VetoB	33.16700	1.105000	0.934070	1.000000
167161	Sherpa_CT10_WtaunuMassiveBPt140_VetoB	33.15000	1.105000	0.934000	1.000000
# Higgs WW taken from https://svnweb.cern.ch/trac/atlasoff/browser/PhysicsAnalysis/HiggsPhys/HSG3/WWDileptonAnalysisCode/HWWAnalysisCode/trunk/XsectionInput/Xsection8TeV_signal_v6.txt
# Higgs ZZ cross-sections calculated by G. Conti from : 
# https://twiki.cern.ch/twiki/bin/view/LHCPhysics/CERNYellowReportPageAt8TeV
# https://twiki.cern.ch/twiki/bin/view/LHCPhysics/CERNYellowReportPageBR2
61005  PowhegPythia8_AU2CT10_ggH125_WW2lep_EF_15_5   0.440563  1.000000   0.49105   1.000000
161055  PowhegPythia8_AU2CT10_VBFH125_WW2lep_EF_15_5  0.0356152  1.000000   0.5071    1.000000
161105  Pythia8_AU2CTEQ6L1_WH125_WW2lep   0.0157222  1.000000  1.000000  1.000000
161155  Pythia8_AU2CTEQ6L1_ZH125_WW2lep   0.00889929  1.000000  1.000000  1.000000
160655  PowhegPythia8_AU2CT10_ggH125_ZZllnunu   0.456768  1.000000 0.44419  1.000000
160705  PowhegPythia8_AU2CT10_VBFH125_ZZllnunu  0.0369252  1.000000 0.4426  1.000000
160755  Pythia8_AU2CTEQ6L1_WH125_ZZllnunu  0.01630044  1.000000  1.000000  1.000000
160805  Pythia8_AU2CTEQ6L1_ZH125_ZZllnunu  0.0092262  1.000000  1.000000  1.000000
160155  PowhegPythia8_AU2CT10_ggH125_ZZ4lep  0.00538752  1.000000  1.000000  1.000000
160205  PowhegPythia8_AU2CT10_VBFH125_ZZ4lep  0.0043553  1.000000  1.000000  1.000000
160255  Pythia8_AU2CTEQ6L1_WH125_ZZ4lep  0.00019226  1.000000  1.000000  1.000000
160305  Pythia8_AU2CTEQ6L1_ZH125_ZZ4lep   0.00010883  1.000000  1.000000  1.000000
