
105200
105860
105861
107680
107681
107682
107683
107684
107685
107690
107691
107692
107693
107694
107695
107700
107701
107702
107703
107704
107705
110001
110101
110119
110140
110141
110805
110806
110807
110808
110809
110810
110811
110812
110813
110814
110815
110816
110817
110818
110819
110820
110821
110822
110823
110824
110825
110826
110827
110828
116600
116601
116602
116603
117050
117650
117651
117652
117653
117654
117655
117660
117661
117662
117663
117664
117665
117670
117671
117672
117673
117674
117675
119353
119354
119355
119356
119583
126928
126929
126930
126931
126932
126933
126934
126935
126936
126937
126938
126939
126940
126941
126942
126949
126950
126951
126988
126989
127994
127995
127996
129477
129478
129479
129480
129481
129482
129483
129484
129485
129486
129487
129488
129489
129490
129491
129492
129493
129494
144871
144873
144874
144876
144877
144879
144880
144881
144883
144884
144885
144886
144888
144889
144890
144891
144892
144894
144895
144896
146830
146831
146832
146833
146834
146835
146840
146841
146842
146843
146844
146845
146850
146851
146852
146853
146854
146855
147194
147195
147196
147770
147771
147772
157461
157464
157467
157814
157815
157816
157817
157818
157819
157954
157955
157956
157957
157958
157959
157960
157961
157962
157963
157964
157965
157966
157967
157968
160155
160205
160255
160305
160655
160705
160755
160805
161005
161055
161105
161155
161305
164274
164275
164276
164277
164278
164279
164280
164281
164282
164283
164284
164285
164286
164287
164288
164289
164290
164291
164292
164293
164294
164295
164296
164297
164298
164299
164300
164301
164302
164303
164304
164305
164306
164307
164308
164309
164310
164311
164312
164313
164314
164315
164316
164317
164318
164319
164320
164321
164322
164323
167006
167007
167008
167740
167741
167742
167743
167744
167745
167746
167747
167748
167749
167750
167751
167752
167753
167754
167755
167756
167757
167761
167762
167763
167764
167765
167766
167767
167768
167769
167770
167771
167772
167773
167774
167775
167776
167777
167778
167779
167780
167781
167782
167783
167784
167785
167786
167787
167788
167789
167790
167791
167792
167793
167794
167795
167796
167797
167798
167799
167800
167801
167802
167803
167804
167805
167809
167810
167811
167812
167813
167814
167815
167816
167817
167821
167822
167823
167824
167825
167826
167827
167828
167829
167833
167834
167835
167836
167837
167838
167839
167840
167841
169471
169472
169473
169474
169475
169476
169477
169478
169479
173041
173042
173043
173044
173045
173046
176531
176532
176533
176534
176535
176536
176537
176538
176539
176540
176541
176542
176543
176544
176545
176546
176547
176548
176549
176550
176551
176552
176553
176554
176555
176556
176557
177997
177999
179578
179579
179580
179581
179582
179583
179974
179975
180534
180535
180536
180537
180538
180539
180540
180541
180542
180543
180544
180545
180546
180547
180548
180549
180550
180551
183585
183586
183587
183588
183589
183590
183591
183592
183734
183735
183736
183737
183738
183739
186283
186284
186285
186286
186287
186288
186289
186290
186291
186292
186293
186294
186295
186296
186297
186298
186299
186300
186301
186302
186303
186304
186305
186306
186307
186308
186309
186310
186311
186312
186313
186314
186315
186316
186317
186318
186319
186320
186321
186322
186323
186324
186325
186326
186327
186328
186329
186330
186331
186332
186333
186334
186335
186336
186337
186338
186339
186340
186341
186342
186343
186344
186345
186346
186347
200332
200333
200334
200335
200340
200341
200342
200343
200348
200349
200350
200351
202632
202633
202634
202635
202636
202637
202638
202639
202640
202641
